0, "tlu 3 7 0.726308 0.726003 16 1 0.1 0 1.00145 0.287541 0.28785 0.334251 0.334558 -0.291088 -0.290774 -0.0248847 -0.024752 -0.152922 -0.152612 0.290691 0.290879 0.745776 0.746084 0.440952 0.441265 -0.0964089 -0.0961009 -0.412056 -0.411742 0.56071 0.561023 0.574483 0.574793 -0.20558 -0.205271 -0.444216 -0.443893 0.216667 0.216976 -0.135299 -0.135293 ";
1, "tlu 3 6 0.65518 0.655164 16 1 0.1 0 0.997399 0.406588 0.406613 0.168292 0.168314 0.50889 0.508931 0.0589552 0.0589576 -0.0385343 -0.0385077 -0.412721 -0.412707 -0.131073 -0.131046 -0.146376 -0.146344 -0.248238 -0.248212 -0.151418 -0.151371 0.214382 0.214412 0.255001 0.255026 0.891072 0.891095 -0.663946 -0.6639 0.811844 0.811869 0.182617 0.182603 ";
2, "tlu 3 5 0.669688 0.67002 16 1 0.1 0 0.76325 0.352094 0.351767 0.106205 0.105877 -0.486731 -0.487045 -0.337862 -0.338013 0.284272 0.283947 -0.415743 -0.415944 0.349834 0.349511 0.342204 0.341879 -0.186464 -0.186788 -0.3059 -0.306206 0.271963 0.271639 0.598394 0.598066 -0.135555 -0.135883 0.349396 0.34908 0.339033 0.338705 -1.00839 -1.00841 ";
3, "tlu 3 4 0.517752 0.517871 16 1 0.1 0 0.996697 0.48729 0.487174 0.770929 0.770813 -0.14766 -0.147772 0.14004 0.139986 0.217879 0.217764 0.0697564 0.069685 -0.160999 -0.161114 -0.247477 -0.247592 0.461351 0.461236 -0.882202 -0.882311 0.229777 0.229661 0.380399 0.380283 0.560374 0.560257 0.10637 0.106257 -0.295754 -0.29587 -1.6374 -1.63741 ";
4, "tlu 3 3 1.16762 1.16787 16 1 0.1 0 0.749965 -0.253869 -0.254112 0.734124 0.733879 -0.323544 -0.323773 -0.328844 -0.328958 0.543784 0.543543 -0.486691 -0.48684 -0.00130225 -0.00154183 -0.327018 -0.327258 0.0956976 0.0954573 0.316429 0.316207 -0.36039 -0.36063 0.525371 0.525128 0.696745 0.696501 -0.00323019 -0.00345985 0.782533 0.78229 -0.958958 -0.95898 ";
5, "tlu 3 2 1.33523 1.33516 16 1 0.1 0 0.630255 -0.0930865 -0.0930088 0.60623 0.606306 0.0585787 0.0586649 -1.20528 -1.20525 0.372779 0.372858 0.0764301 0.076477 -0.110049 -0.109971 0.283773 0.283854 -0.138725 -0.138647 0.059315 0.0594036 0.45879 0.458871 0.158643 0.158722 0.533152 0.533229 -0.031154 -0.0310633 0.258887 0.258965 0.513357 0.513352 ";
6, "tlu 3 1 0.455539 0.455483 16 1 0.1 0 0.997829 0.5272 0.527263 0.59219 0.59225 0.414463 0.414537 0.0308013 0.0308227 0.359095 0.359158 -0.276595 -0.276558 0.413603 0.413666 -0.216824 -0.216757 -0.286957 -0.286894 -0.153207 -0.153129 -0.30783 -0.307764 0.561998 0.562061 0.0562778 0.0563394 -0.493866 -0.493787 0.148475 0.148537 0.116908 0.1169 ";
7, "tlu 3 0 0.263303 0.263007 16 1 0.1 0 0.83612 -0.0949553 -0.094659 0.115131 0.115427 -0.587256 -0.586959 -0.0412843 -0.0411542 0.260722 0.261018 0.375868 0.376049 0.516397 0.516693 0.264068 0.264367 0.586056 0.586352 -0.269776 -0.26948 0.109926 0.110225 0.251773 0.25207 -0.0290851 -0.0287882 -0.0630355 -0.0627318 -0.170578 -0.17028 -0.178686 -0.178675 ";
8, "layer 3 8";
9, "tlu 2 15 1.74382 1.74378 16 1 0.1 1 0.0555918 0.430748 0.430782 0.151678 0.151711 0.572439 0.572473 0.177247 0.177256 0.243062 0.243096 -0.293762 -0.293729 -0.452945 -0.452911 0.47035 0.470356 -0.0462766 -0.0462426 0.626233 0.626243 -0.805244 -0.80521 0.924865 0.924867 -0.286058 -0.286024 -0.428993 -0.428959 1.1386 1.13861 -0.415098 -0.415066 ";
10, "tlu 2 14 0.56248 0.562493 16 1 0.1 1 0.997435 0.849102 0.849102 0.757105 0.757104 1.0272 1.0272 0.741204 0.741193 0.323242 0.323242 0.955668 0.955668 0.332196 0.332195 0.092488 0.0924876 0.345149 0.345148 1.04419 1.04418 0.938049 0.938049 1.04613 1.04613 0.105733 0.105733 0.874025 0.874024 0.505264 0.505257 0.205877 0.205877 ";
11, "tlu 2 13 1.17624 1.17623 16 1 0.1 1 0.996857 0.914938 0.914937 0.381954 0.381953 0.143005 0.143004 0.197793 0.197802 0.866075 0.866074 0.693132 0.693131 0.0551292 0.0551282 -0.0394339 -0.0394338 0.859943 0.859942 -0.021155 -0.0211457 1.07039 1.07039 0.204809 0.204809 0.835759 0.835758 0.882417 0.882416 0.206841 0.206847 0.45281 0.452809 ";
12, "tlu 2 12 0.758541 0.758551 16 1 0.1 1 0.997604 1.09394 1.09394 0.0389924 0.0389921 0.960169 0.960169 0.918314 0.918306 0.424598 0.424597 0.624154 0.624154 0.497132 0.497132 0.58686 0.586859 0.619677 0.619677 0.973424 0.973415 0.346549 0.346549 0.206999 0.206999 0.448723 0.448722 0.933776 0.933776 1.13302 1.13301 0.858678 0.858677 ";
13, "tlu 2 11 0.207505 0.20752 16 1 0.1 1 0.999571 0.73583 0.73583 0.999964 0.999964 0.96024 0.96024 0.567933 0.567921 0.313181 0.313181 0.911989 0.911989 0.217592 0.217592 0.858738 0.858738 0.667432 0.667432 0.723067 0.723054 1.0233 1.0233 0.508697 0.508697 0.550266 0.550266 0.715995 0.715995 0.527815 0.527807 0.998166 0.998166 ";
14, "tlu 2 10 0.117585 0.11759 16 1 0.1 1 0.997468 0.796677 0.796677 0.852783 0.852783 0.969104 0.969104 0.588775 0.58877 0.297912 0.297912 0.0749847 0.0749852 0.729613 0.729613 0.524676 0.524676 0.0734541 0.0734546 0.154693 0.154688 0.415258 0.415258 0.868658 0.868658 0.31 0.310001 0.877705 0.877706 0.283916 0.283913 0.674742 0.674742 ";
15, "tlu 2 9 1.44349 1.44349 16 1 0.1 1 0.963983 0.580436 0.580432 0.0633587 0.0633552 0.830617 0.830613 0.273435 0.27344 0.79937 0.799366 0.532028 0.532025 0.492736 0.492732 0.993963 0.993963 0.0111738 0.0111703 0.0682943 0.0682995 0.0281935 0.02819 0.861637 0.861637 0.990941 0.990938 0.361357 0.361353 0.0449052 0.0449082 -0.0301154 -0.0301187 ";
16, "tlu 2 8 0.326239 0.326235 16 1 0.1 1 0.989113 0.10391 0.103911 0.100277 0.100278 0.00890394 0.00890473 0.695019 0.695022 0.445855 0.445856 0.464312 0.464313 0.365186 0.365187 0.276246 0.276246 0.565921 0.565922 0.844253 0.844256 0.630563 0.630563 0.494044 0.494044 0.999823 0.999824 0.407401 0.407401 0.0505478 0.0505494 0.851856 0.851856 ";
17, "tlu 2 7 0.564093 0.564094 16 1 0.1 1 0.99769 0.0785831 0.0785836 1.09235 1.09236 0.087502 0.0875025 0.791651 0.79165 0.89219 0.892191 0.486952 0.486953 0.700973 0.700974 0.808409 0.808409 0.9382 0.938201 0.0357108 0.0357096 0.444066 0.444067 0.168079 0.168079 0.959108 0.959108 0.412163 0.412163 0.807449 0.807449 0.563612 0.563613 ";
18, "tlu 2 6 0.167318 0.167322 16 1 0.1 1 0.98824 0.90101 0.901014 0.297412 0.297415 0.439346 0.43935 0.0989048 0.0988982 0.543361 0.543365 0.0435335 0.0435371 0.106235 0.106238 0.869271 0.869271 0.961178 0.961182 0.854315 0.854308 0.448406 0.44841 0.221777 0.221777 0.270346 0.27035 0.0590896 0.0590932 0.533542 0.533538 0.45272 0.452723 ";
19, "tlu 2 5 0.876273 0.876169 16 1 0.1 1 0.614152 0.0290753 0.0291706 0.802505 0.802599 0.0529829 0.0530782 0.421043 0.42105 0.310281 0.310377 -0.26901 -0.268918 0.388318 0.388413 0.789041 0.789059 -0.221448 -0.221352 0.583809 0.583817 -0.115506 -0.115412 -0.0604519 -0.0604474 -0.0446527 -0.0445583 -0.178512 -0.178416 0.0236611 0.023667 0.450669 0.450759 ";
20, "tlu 2 4 0.610087 0.610096 16 1 0.1 1 0.992855 0.0330791 0.0330782 0.658112 0.658111 0.882375 0.882374 0.944961 0.944954 0.0638045 0.0638036 0.437688 0.437687 0.830197 0.830196 0.943859 0.943858 0.670084 0.670084 0.67131 0.671303 0.0748309 0.07483 0.967778 0.967778 0.486537 0.486537 1.12019 1.12019 0.422228 0.422224 0.215196 0.215196 ";
21, "tlu 2 3 1.43147 1.43146 16 1 0.1 1 0.429519 -0.31394 -0.313932 0.457931 0.457939 0.353149 0.353156 0.660247 0.660256 0.474163 0.47417 0.56474 0.564747 -0.167134 -0.167126 -0.171753 -0.171751 -0.0105186 -0.0105113 0.973164 0.973174 0.165762 0.165769 -0.168958 -0.168957 -0.369483 -0.369476 -0.195542 -0.195534 0.38012 0.380126 0.329482 0.329489 ";
22, "tlu 2 2 0.379324 0.379324 16 1 0.1 1 0.979936 0.667957 0.667957 0.0215819 0.0215825 0.245693 0.245694 -0.23982 -0.23982 0.0688047 0.0688053 0.227347 0.227348 0.75597 0.755971 0.288347 0.288347 0.0935947 0.0935954 0.196235 0.196235 0.588267 0.588267 0.165721 0.165721 0.387371 0.387372 0.491687 0.491687 0.0135555 0.0135554 0.791267 0.791268 ";
23, "tlu 2 1 0.0508016 0.0508108 16 1 0.1 1 0.994926 0.160774 0.160774 0.282202 0.282202 0.650226 0.650225 1.08966 1.08965 0.312537 0.312537 0.0353762 0.0353761 1.08822 1.08822 0.756562 0.756562 0.873822 0.873822 0.418552 0.418543 0.473142 0.473142 1.01542 1.01542 0.582564 0.582564 0.359354 0.359353 1.10576 1.10576 0.415282 0.415282 ";
24, "tlu 2 0 0.362771 0.362779 16 1 0.1 1 0.994172 0.701005 0.701005 0.631776 0.631776 0.44796 0.44796 0.951268 0.951262 0.298043 0.298043 1.04681 1.04681 0.0960447 0.0960448 0.731999 0.731999 1.0611 1.0611 0.337994 0.337987 0.166548 0.166548 0.368365 0.368365 0.107229 0.107229 0.505326 0.505326 1.03669 1.03669 0.519682 0.519682 ";
25, "layer 2 16";
26, "tlu 1 15 1.07672 1.07672 3 1 0.1 1 0.958872 0.499219 0.499237 0.505642 0.505637 0.865078 0.86508 ";
27, "tlu 1 14 0.708068 0.708076 3 1 0.1 1 0.0191739 -0.24843 -0.248347 0.493432 0.493465 0.460395 0.460384 ";
28, "tlu 1 13 0.722251 0.722251 3 1 0.1 1 0.996858 0.969311 0.96931 0.895536 0.895536 0.718267 0.718267 ";
29, "tlu 1 12 0.49027 0.49027 3 1 0.1 1 0.99275 0.683175 0.683174 0.706906 0.706907 1.03934 1.03934 ";
30, "tlu 1 11 0.397492 0.397491 3 1 0.1 1 0.0312506 0.0203212 0.0203341 1.10411 1.10411 0.601844 0.601844 ";
31, "tlu 1 10 0.581311 0.581311 3 1 0.1 1 0.931787 0.897227 0.897223 1.10962 1.10963 -0.102042 -0.102042 ";
32, "tlu 1 9 1.05927 1.05927 3 1 0.1 1 0.000783415 -0.53119 -0.531169 0.345111 0.34512 0.0136049 0.0136019 ";
33, "tlu 1 8 1.07842 1.07842 3 1 0.1 1 0.997433 1.09045 1.09045 0.804027 0.804027 0.306477 0.306477 ";
34, "tlu 1 7 0.171452 0.171439 3 1 0.1 1 0.144262 0.0825524 0.0826888 0.819487 0.81945 0.468299 0.468308 ";
35, "tlu 1 6 0.109652 0.109652 3 1 0.1 1 0.997084 0.93624 0.93624 1.10433 1.10433 1.00063 1.00063 ";
36, "tlu 1 5 0.789758 0.789759 3 1 0.1 1 0.835481 0.75106 0.75105 0.982591 0.982594 -0.104235 -0.104236 ";
37, "tlu 1 4 1.09182 1.09182 3 1 0.1 1 0.996973 1.00604 1.00604 1.07628 1.07628 1.0984 1.0984 ";
38, "tlu 1 3 0.561962 0.561966 3 1 0.1 1 0.00404934 -0.44791 -0.447872 0.604397 0.604414 0.694771 0.694765 ";
39, "tlu 1 2 0.109266 0.109266 3 1 0.1 1 0.999797 1.086 1.086 0.835426 0.835426 1.11068 1.11068 ";
40, "tlu 1 1 0.793352 0.79335 3 1 0.1 1 0.986119 0.663299 0.663312 0.678762 0.678758 0.904059 0.90406 ";
41, "tlu 1 0 0.177923 0.177923 3 1 0.1 1 0.999341 1.0002 1.0002 0.790431 0.790431 0.864482 0.864482 ";
42, "layer 1 16";
43, "tlu 0 2 0.100192 0 0 0 0.1 1 2.15927 ";
44, "tlu 0 1 0.194372 0 0 0 0.1 1 -4.09033 ";
45, "tlu 0 0 0.120212 0 0 0 0.1 1 8.86604 ";
46, "layer 0 3";
47, "mlp 3 8 16 2";
