0, "tlu 3 7 0.571064 0.569959 16 1 0.1 0 -2.39168e-05 -0.238546 -0.238541 0.278468 0.278484 0.321089 0.321091 -0.229606 -0.229594 -0.222123 -0.221178 -0.136039 -0.136027 0.742485 0.743502 -0.386505 -0.386447 0.194273 0.194303 0.405051 0.405073 -0.0463833 -0.0463511 -0.393253 -0.393225 -0.153046 -0.153197 0.560944 0.56099 0.242815 0.243141 -0.279569 -0.279549 ";
1, "tlu 3 6 0.704469 0.703384 16 1 0.1 0 -5.72233e-05 0.214809 0.214815 0.563989 0.564005 0.00279267 0.00279556 -0.46202 -0.462008 -0.260945 -0.260016 0.0647645 0.0647763 0.923162 0.92416 -0.258703 -0.258646 0.406654 0.406682 0.369607 0.369632 -0.3841 -0.384068 -0.420991 -0.420963 -0.154952 -0.155093 0.249331 0.249377 0.255572 0.255891 -0.149732 -0.149712 ";
2, "tlu 3 5 -0.0639995 -0.0571241 16 1 0.1 0 0.647828 0.0707165 0.0703505 0.396742 0.396464 -0.53582 -0.536359 0.135665 0.135331 0.755627 0.748838 -0.512086 -0.512466 0.130708 0.123881 0.0232632 0.0230412 -0.317817 -0.318146 0.26117 0.258352 0.076401 0.0761196 -0.176574 -0.177094 -0.470017 -0.476505 0.0391555 0.0388536 0.698345 0.696981 -0.557421 -0.558037 ";
3, "tlu 3 4 0.831219 0.829492 16 1 0.1 0 0.993642 -0.130874 -0.130857 0.511959 0.511988 0.0961435 0.0961594 -0.0974356 -0.0974118 -0.33281 -0.331311 0.0123862 0.0124115 1.11517 1.11677 0.40813 0.408218 0.254202 0.254252 0.382174 0.382271 0.425811 0.425863 -0.342577 -0.342524 0.886113 0.886049 0.163127 0.163199 0.0373444 0.0378385 -0.159702 -0.159659 ";
4, "tlu 3 3 0.151052 0.155788 16 1 0.1 0 0.404269 -0.281756 -0.281984 -0.423717 -0.423896 0.331977 0.331642 0.0830774 0.082866 1.26064 1.25604 0.651331 0.651091 0.214378 0.209714 0.193754 0.193592 -0.000190863 -0.000407675 0.326944 0.325191 0.248229 0.24804 -0.0486646 -0.0489981 -1.00186 -1.00581 0.0723181 0.0721113 -0.835753 -0.836735 0.163267 0.162878 ";
5, "tlu 3 2 0.498079 0.50293 16 1 0.1 0 0.644879 -0.958768 -0.959102 0.007364 0.00712711 -0.673086 -0.673585 0.356257 0.355962 0.969283 0.964302 0.731309 0.730971 0.806171 0.801244 -0.110261 -0.110386 -0.395471 -0.395737 0.12392 0.121323 0.496097 0.495879 -1.17979 -1.18024 -0.615221 -0.621491 -0.0144445 -0.0146612 -0.140487 -0.141295 0.731048 0.730503 ";
6, "tlu 3 1 0.465769 0.471881 16 1 0.1 0 0.641093 0.46461 0.46427 0.210505 0.210249 1.15548 1.15498 -0.169616 -0.169925 1.20938 1.20332 -0.129426 -0.129778 0.640602 0.634515 -0.122865 -0.123055 0.546705 0.546405 -0.17843 -0.181059 -0.354611 -0.354865 0.341184 0.340707 -0.679804 -0.685921 0.122533 0.122264 -0.702802 -0.703978 -0.171831 -0.1724 ";
7, "tlu 3 0 0.552061 0.560182 16 1 0.1 0 0.651702 0.633221 0.632845 -0.326899 -0.327197 -0.488696 -0.489245 -0.516325 -0.516674 0.734268 0.726413 -0.396825 -0.397222 0.696164 0.688187 0.497235 0.49695 0.166035 0.165671 0.0110617 0.00818487 -0.0449005 -0.0452193 0.251864 0.251308 -0.337726 -0.344138 -0.131416 -0.131769 0.886039 0.884319 -0.711427 -0.712071 ";
8, "layer 3 8";
9, "tlu 2 15 1.65174 1.65134 16 1 0.1 1 0.0855892 0.577467 0.577865 0.599039 0.59943 0.307724 0.308089 -0.401586 -0.401185 -0.404754 -0.40439 0.631164 0.631529 2.0337 2.0337 -0.63596 -0.63556 0.245336 0.245701 -0.668123 -0.667723 -0.183544 -0.18318 -0.0146738 -0.0142797 0.0598282 0.0601922 -1.20582 -1.20542 0.353887 0.354254 0.0183464 0.0187476 ";
10, "tlu 2 14 0.475175 0.475523 16 1 0.1 1 0.20645 1.16231 1.16197 0.235959 0.235642 -0.13569 -0.135923 0.273357 0.27301 0.146851 0.146618 -0.382277 -0.382512 0.607115 0.607115 0.15284 0.152493 -0.482025 -0.482256 -0.216761 -0.217108 -0.263411 -0.263643 0.304805 0.304479 0.137387 0.137155 -2.18211 -2.18246 0.387607 0.387365 -0.010439 -0.0107864 ";
11, "tlu 2 13 1.18747 1.18742 16 1 0.1 1 0.0437104 -0.306419 -0.306382 0.284829 0.284855 -0.0257911 -0.0258088 -0.59753 -0.597489 -0.268772 -0.26879 0.0991576 0.0991407 0.330113 0.330113 -0.483074 -0.483033 -0.270541 -0.270559 -0.645185 -0.645144 0.186127 0.186109 0.165262 0.165292 0.422244 0.422226 0.220843 0.220884 -0.18478 -0.184793 -0.489728 -0.489687 ";
12, "tlu 2 12 1.36921 1.36837 16 1 0.1 1 0.950904 -1.29132 -1.29051 0.13899 0.139802 1.07101 1.07181 -0.748618 -0.747779 1.06539 1.06619 0.868382 0.869182 -0.5619 -0.561899 -0.735145 -0.734307 1.36604 1.36684 -0.0394301 -0.0385936 1.07481 1.07561 -0.413033 -0.412219 1.2072 1.208 1.05915 1.05999 0.421062 0.421863 -0.688884 -0.688045 ";
13, "tlu 2 11 1.1753 1.17502 16 1 0.1 1 0.0717146 0.594294 0.594575 1.05084 1.05115 -0.425467 -0.42507 -0.769024 -0.768753 -0.619834 -0.619436 0.340338 0.340734 0.7497 0.7497 -0.73342 -0.733149 0.972853 0.973252 -0.705437 -0.705165 0.0969654 0.0973641 0.352696 0.352991 -0.040243 -0.0398453 -0.889843 -0.889571 0.117197 0.117585 -0.730924 -0.730652 ";
14, "tlu 2 10 1.64461 1.64466 16 1 0.1 1 0.0415958 -0.356701 -0.356758 -0.216983 -0.217046 -0.126177 -0.12626 0.137603 0.137546 0.408937 0.408854 -0.418096 -0.418179 0.720839 0.720839 -0.190992 -0.191049 -0.119202 -0.119285 -0.30526 -0.305317 0.588202 0.588119 0.0557682 0.0557077 -0.330129 -0.330212 -0.151418 -0.151475 0.402426 0.402346 -0.876861 -0.876918 ";
15, "tlu 2 9 1.50269 1.5031 16 1 0.1 1 0.437199 0.515665 0.51525 -0.0439823 -0.04442 0.0618 0.0612781 -0.47788 -0.478286 0.435784 0.435261 0.282866 0.282345 1.04692 1.04692 -0.544576 -0.544982 0.144345 0.143822 -0.0864203 -0.0868272 0.361027 0.360503 0.752838 0.752409 0.398024 0.397501 -0.90767 -0.908078 0.432639 0.432126 -0.0707952 -0.0712019 ";
16, "tlu 2 8 1.45907 1.45905 16 1 0.1 1 0.0477568 -0.597723 -0.597704 0.395141 0.395158 0.395252 0.395257 -0.52909 -0.529071 -0.0584464 -0.0584406 -0.422731 -0.422725 -0.491798 -0.491798 -0.345926 -0.345906 0.693317 0.693323 -0.808166 -0.808147 0.243473 0.243479 -0.427619 -0.427602 -0.400152 -0.400146 0.266898 0.266918 0.0659572 0.0659642 -0.00723305 -0.00721347 ";
17, "tlu 2 7 1.12291 1.12305 16 1 0.1 1 0.0326369 0.0439213 0.0437914 0.0592327 0.0591127 -0.0801853 -0.0802676 -0.547401 -0.547536 -0.218104 -0.218185 -0.139395 -0.139478 -0.453038 -0.453038 -0.415619 -0.415753 0.0593443 0.0592628 -0.466248 -0.466383 -0.0452708 -0.0453525 0.472636 0.472512 -0.127716 -0.127797 -0.426691 -0.426825 0.00399025 0.00390412 -0.439807 -0.439942 ";
18, "tlu 2 6 0.297934 0.297716 16 1 0.1 1 0.996257 0.738758 0.738995 0.485937 0.486113 0.111478 0.11143 0.13076 0.130977 0.986404 0.986354 0.0736146 0.0735709 0.652342 0.652342 0.659456 0.659673 0.720187 0.720135 0.231513 0.23173 0.0604145 0.0603629 0.497304 0.497505 0.535664 0.535614 0.121504 0.121721 0.278507 0.278482 0.25769 0.257907 ";
19, "tlu 2 5 1.803 1.803 16 1 0.1 1 0.055478 -0.464698 -0.464699 -0.182833 -0.182838 -0.188023 -0.188044 -0.688052 -0.688051 0.352626 0.352604 0.113162 0.113141 1.33931 1.33931 -0.535116 -0.535116 0.0500941 0.0500721 -0.470107 -0.470106 0.699535 0.699513 -0.516905 -0.516908 0.354856 0.354835 0.244015 0.244016 0.03181 0.03179 0.169674 0.169675 ";
20, "tlu 2 4 0.997305 0.997428 16 1 0.1 1 0.999632 2.3546 2.35452 1.46927 1.4692 0.730457 0.730446 0.458384 0.458261 0.657698 0.657687 1.24146 1.24144 1.72354 1.72354 0.194566 0.194444 0.715191 0.715181 -0.581669 -0.581789 0.521918 0.521908 1.28518 1.2851 0.508788 0.508778 -1.28373 -1.28385 0.945295 0.945278 -0.308086 -0.308209 ";
21, "tlu 2 3 1.34569 1.34563 16 1 0.1 1 0.0485024 -0.330024 -0.329967 -0.0435759 -0.04352 0.506517 0.506571 -0.482407 -0.48235 -0.0206076 -0.0205538 0.113502 0.113556 0.976549 0.976549 -0.317632 -0.317575 0.398777 0.398831 -0.523381 -0.523324 -0.150292 -0.150238 -0.0358333 -0.0357772 -0.169717 -0.169663 -0.0325434 -0.0324864 0.579445 0.579499 -1.12727 -1.12721 ";
22, "tlu 2 2 1.69802 1.69782 16 1 0.1 1 0.0769548 -0.25597 -0.255771 0.257754 0.257952 -0.592146 -0.591951 -0.444943 -0.444744 0.306387 0.306582 0.932913 0.933108 0.76833 0.76833 -0.852252 -0.852054 0.994506 0.9947 -0.407493 -0.407295 0.400946 0.401141 0.250082 0.25028 -0.112918 -0.112723 -0.13333 -0.133131 -0.197949 -0.197754 -0.936056 -0.935857 ";
23, "tlu 2 1 1.88687 1.88683 16 1 0.1 1 0.0404304 -0.615688 -0.615652 0.438201 0.438227 -0.0174375 -0.0174476 -0.764209 -0.76417 0.496752 0.496742 -0.0608366 -0.060846 0.249817 0.249817 0.166058 0.166097 0.114277 0.114267 -0.0749631 -0.0749247 -0.104919 -0.10493 -0.235952 -0.235923 0.438074 0.438063 -0.377736 -0.377697 -0.0638401 -0.0638465 -0.612068 -0.612029 ";
24, "tlu 2 0 1.41087 1.4109 16 1 0.1 1 0.0533098 0.183343 0.183311 0.390106 0.39008 0.0959698 0.0959661 -0.942679 -0.942712 0.501598 0.501594 0.206456 0.206452 -0.474903 -0.474903 -0.158774 -0.158807 -0.380866 -0.380869 -0.835234 -0.835268 0.0532791 0.0532758 0.00711596 0.00708785 0.598863 0.59886 -0.628688 -0.628722 0.398483 0.398478 -0.945051 -0.945085 ";
25, "layer 2 16";
26, "tlu 1 15 0.400931 0.400932 3 1 0.1 1 0.999975 0.603743 0.603732 1.3848 1.3848 0.804275 0.804275 ";
27, "tlu 1 14 1.08409 1.08409 3 1 0.1 1 0.999998 1.67882 1.67882 -0.362866 -0.362864 -0.46603 -0.466025 ";
28, "tlu 1 13 0.240189 0.240188 3 1 0.1 1 0.999999 1.56952 1.56952 -0.171788 -0.171787 0.482241 0.482245 ";
29, "tlu 1 12 0.293272 0.293269 3 1 0.1 1 0.985838 0.753315 0.753328 -0.624952 -0.624946 -0.493646 -0.493631 ";
30, "tlu 1 11 0.644657 0.644658 3 1 0.1 1 1 1.96624 1.96625 1.33146 1.33146 -0.714981 -0.714986 ";
31, "tlu 1 10 1.0242 1.0242 3 1 0.1 1 0.999128 1.09047 1.09047 -0.485208 -0.485207 -0.624775 -0.624771 ";
32, "tlu 1 9 0.220153 0.220152 3 1 0.1 1 0.999731 0.528835 0.528827 1.00154 1.00154 0.0884548 0.0884729 ";
33, "tlu 1 8 0.415468 0.415467 3 1 0.1 1 0.9996 0.889923 0.889926 0.182484 0.182485 -0.914954 -0.914951 ";
34, "tlu 1 7 0.571463 0.571465 3 1 0.1 1 0.999928 0.600175 0.600156 1.10651 1.10651 0.9126 0.912601 ";
35, "tlu 1 6 1.03696 1.03696 3 1 0.1 1 0.00271475 -0.780029 -0.780029 0.960406 0.960406 -1.067 -1.067 ";
36, "tlu 1 5 0.181433 0.181433 3 1 0.1 1 0.999993 1.14404 1.14404 0.601299 0.601298 -0.852466 -0.852469 ";
37, "tlu 1 4 0.973315 0.973311 3 1 0.1 1 0.999283 1.13038 1.13039 -0.576341 -0.576331 -0.521068 -0.521035 ";
38, "tlu 1 3 -0.0855423 -0.0855412 3 1 0.1 1 0.999958 0.57608 0.576068 1.15584 1.15584 0.843517 0.843518 ";
39, "tlu 1 2 1.0028 1.0028 3 1 0.1 1 0.998139 1.00548 1.00548 -0.5245 -0.524496 -0.434358 -0.434346 ";
40, "tlu 1 1 0.256779 0.256798 3 1 0.1 1 1 1.79705 1.79701 1.21809 1.21803 -0.723556 -0.723729 ";
41, "tlu 1 0 0.571955 0.571971 3 1 0.1 1 1 2.85043 2.85039 1.75987 1.75983 -0.980416 -0.98056 ";
42, "layer 1 16";
43, "tlu 0 2 0.850124 0 0 0 0.1 1 0.786454 ";
44, "tlu 0 1 0.847407 0 0 0 0.1 1 3.41148 ";
45, "tlu 0 0 0.96823 0 0 0 0.1 1 9.36714 ";
46, "layer 0 3";
47, "mlp 3 8 16 2";
