0, "tlu 3 7 0.527706 0.527594 16 1 0.1 0 0.0388688 0.729331 0.729383 0.0765939 0.0766085 0.0230878 0.0231271 -0.149056 -0.149039 -0.0141354 -0.0140892 0.220221 0.220237 -0.252154 -0.252114 0.0924456 0.0924627 0.472632 0.472669 0.33354 0.33358 0.506566 0.506623 -0.222676 -0.222649 -0.458704 -0.458676 -0.180929 -0.180915 -0.0594819 -0.0594593 -0.580453 -0.580437 ";
1, "tlu 3 6 0.156039 0.156228 16 1 0.1 0 0.0394529 0.0778406 0.0777445 0.0505853 0.0505462 0.10484 0.104763 -0.315679 -0.315721 -0.251535 -0.25162 -0.157321 -0.157355 -0.195511 -0.195588 0.0283052 0.0282711 0.195817 0.195754 0.0784453 0.0783777 0.441646 0.441538 0.233377 0.233326 -0.390293 -0.390347 -0.0230585 -0.0230896 0.252695 0.252644 0.0448477 0.0448157 ";
2, "tlu 3 5 0.231242 0.231521 16 1 0.1 0 0.0798669 0.214242 0.214099 0.265827 0.265766 -0.541003 -0.541119 0.325314 0.325249 0.354664 0.354538 -0.556126 -0.556177 0.338541 0.338425 0.544492 0.544441 0.574742 0.574649 -0.233075 -0.233174 0.150379 0.150218 -0.422974 -0.42305 0.102625 0.102544 -0.446621 -0.446668 -0.307135 -0.307213 -0.126757 -0.126805 ";
3, "tlu 3 4 0.210456 0.210432 16 1 0.1 0 0.0727832 0.358268 0.358277 0.427456 0.427454 0.334274 0.334278 0.394568 0.394567 0.410319 0.410326 -0.465453 -0.465452 0.172734 0.172739 -0.556138 -0.556136 -0.651534 -0.651526 -0.432124 -0.432115 0.74531 0.745319 -0.677967 -0.677963 0.0271666 0.0271703 -0.296916 -0.296916 0.309232 0.309232 0.113912 0.113914 ";
4, "tlu 3 3 -0.696519 -0.69638 16 1 0.1 0 0.36417 -0.126844 -0.126911 -0.675486 -0.675508 0.774443 0.774392 -0.20809 -0.208115 0.118506 0.118447 0.0862883 0.086267 -0.244303 -0.244355 0.156564 0.156541 0.0651193 0.0650731 0.201729 0.201679 0.935222 0.935148 -0.654947 -0.654982 -0.171665 -0.171702 0.263267 0.263248 -0.595978 -0.596009 -0.28826 -0.288281 ";
5, "tlu 3 2 -0.358773 -0.358665 16 1 0.1 0 1.00188 0.0976314 0.0975662 0.125809 0.125768 0.870646 0.870588 0.167482 0.167441 0.355125 0.355068 0.319315 0.319285 -0.116217 -0.116274 0.592381 0.592355 0.0846087 0.0845716 -0.482189 -0.482227 0.103818 0.103743 -0.459283 -0.45932 0.246666 0.246626 -0.211454 -0.211483 -0.703947 -0.703993 -0.336564 -0.33659 ";
6, "tlu 3 1 -0.289823 -0.289994 16 1 0.1 0 1.02529 0.281065 0.281155 -0.567058 -0.567017 0.394279 0.394353 -0.0365347 -0.0364907 0.216978 0.217058 -0.165989 -0.165955 0.318757 0.318831 -0.404728 -0.404695 0.407992 0.408049 0.203041 0.203102 0.607987 0.608088 0.374088 0.374136 -0.642571 -0.642519 -0.15232 -0.152288 -0.166432 -0.166381 0.044991 0.0450223 ";
7, "tlu 3 0 0.314412 0.314648 16 1 0.1 0 -0.00567126 0.122758 0.122641 -0.422058 -0.4221 0.067916 0.0678243 -0.190493 -0.19054 0.478909 0.478806 0.544775 0.544736 0.367558 0.367466 -0.250431 -0.250472 -0.158382 -0.158459 0.0249572 0.0248728 0.139192 0.139062 -0.166093 -0.166153 0.270373 0.270308 0.085045 0.0850099 -0.307696 -0.307754 -0.274759 -0.274796 ";
8, "layer 3 8";
9, "tlu 2 15 1.60642 1.6064 16 1 0.1 1 0.883851 0.519598 0.519598 0.185933 0.185933 0.633776 0.633776 0.165887 0.165887 0.850983 0.850983 0.574436 0.574441 0.7194 0.719401 0.0104913 0.0104915 0.642647 0.642647 0.410753 0.410753 0.839909 0.83991 0.856094 0.856094 0.386435 0.386435 0.0978367 0.0978368 0.574117 0.574117 0.0324313 0.0324313 ";
10, "tlu 2 14 1.02174 1.02169 16 1 0.1 1 0.985292 0.562106 0.562106 0.406451 0.406451 0.32256 0.32256 0.516324 0.516324 1.06267 1.06267 1.00902 1.00903 0.479388 0.479388 0.618901 0.618901 0.364156 0.364156 1.04063 1.04063 0.653496 0.653497 0.775876 0.775876 1.02093 1.02093 0.125214 0.125214 0.844165 0.844165 0.797916 0.797916 ";
11, "tlu 2 13 1.65214 1.65213 16 1 0.1 1 0.98011 0.689701 0.689701 0.115285 0.115285 0.810052 0.810052 1.02977 1.02977 0.891822 0.891822 0.816097 0.816106 0.768772 0.768773 0.772152 0.772152 0.909601 0.909601 0.0974089 0.0974089 0.97884 0.978841 0.105665 0.105665 0.48043 0.48043 0.14034 0.14034 0.334463 0.334463 0.0418118 0.0418118 ";
12, "tlu 2 12 0.925722 0.92576 16 1 0.1 1 0.939104 0.388105 0.388105 -0.0811897 -0.0811897 -0.0250715 -0.0250715 0.512031 0.512031 0.0138109 0.0138109 0.481182 0.481177 1.07088 1.07088 0.70918 0.70918 0.161703 0.161703 0.202171 0.202171 0.642812 0.642812 0.156938 0.156938 0.115887 0.115887 0.554821 0.554821 0.718446 0.718446 0.712332 0.712332 ";
13, "tlu 2 11 1.01932 1.01926 16 1 0.1 1 0.968048 0.19389 0.19389 0.726917 0.726917 0.287764 0.287764 0.864265 0.864265 0.941153 0.941153 0.544924 0.544937 0.140162 0.140163 1.07374 1.07374 0.223582 0.223582 0.263667 0.263667 -0.0158308 -0.0158293 -0.0281218 -0.0281218 0.689379 0.689379 0.606797 0.606797 0.772165 0.772165 0.405346 0.405346 ";
14, "tlu 2 10 -0.264702 -0.264673 16 1 0.1 1 0.995385 0.183967 0.183967 -0.244033 -0.244033 0.0684537 0.0684537 0.805203 0.805203 1.09446 1.09446 0.809329 0.809329 0.623311 0.623311 0.640522 0.640522 0.339258 0.339258 0.700425 0.700425 0.720621 0.720621 0.0223475 0.0223475 0.320518 0.320518 0.51722 0.51722 0.0870301 0.0870301 -0.238616 -0.238616 ";
15, "tlu 2 9 0.582516 0.582486 16 1 0.1 1 0.913703 0.896571 0.896571 0.459053 0.459053 0.0598089 0.0598089 0.0272929 0.027293 0.321058 0.321058 -0.0601619 -0.0601512 0.547804 0.547804 0.137555 0.137556 0.176545 0.176545 0.923236 0.923236 0.2964 0.296402 0.246024 0.246024 1.07028 1.07028 0.746422 0.746422 0.642651 0.642651 0.63008 0.63008 ";
16, "tlu 2 8 0.700168 0.700184 16 1 0.1 1 0.984667 0.353728 0.353728 0.201997 0.201997 0.291212 0.291212 0.76354 0.76354 0.769599 0.769599 -0.0906547 -0.0906555 1.03225 1.03225 0.169441 0.169441 -0.0199492 -0.0199492 0.818684 0.818684 0.845185 0.845185 0.744788 0.744788 0.66792 0.66792 1.05042 1.05042 -0.274237 -0.274237 0.960341 0.960341 ";
17, "tlu 2 7 1.52726 1.5273 16 1 0.1 1 0.961428 0.55562 0.55562 -0.10366 -0.10366 0.521181 0.521181 0.635721 0.635721 1.09143 1.09143 0.521184 0.521174 0.0439895 0.0439889 0.0118635 0.0118632 -0.0919134 -0.0919134 1.04554 1.04554 0.93124 0.931238 0.471565 0.471565 0.885505 0.885505 0.711766 0.711766 -0.454577 -0.454577 0.749075 0.749075 ";
18, "tlu 2 6 0.395697 0.395713 16 1 0.1 1 0.983367 1.00481 1.00481 0.240347 0.240347 0.0732737 0.0732737 0.689114 0.689114 0.997893 0.997893 0.79777 0.797774 0.299573 0.299573 0.529306 0.529306 -0.0910528 -0.0910528 0.299747 0.299747 -0.0164689 -0.0164685 0.126249 0.126249 0.432898 0.432898 1.10443 1.10443 0.538348 0.538348 0.751128 0.751128 ";
19, "tlu 2 5 1.54961 1.54961 16 1 0.1 1 0.892354 0.84399 0.84399 -0.153416 -0.153416 0.953601 0.953601 0.316786 0.316786 0.320729 0.320729 0.765779 0.765779 0.783509 0.783509 0.407005 0.407005 0.135095 0.135095 0.0472741 0.0472741 0.540209 0.540209 0.998528 0.998528 0.41262 0.41262 0.174329 0.174329 0.463125 0.463125 0.542611 0.542611 ";
20, "tlu 2 4 0.222937 0.22298 16 1 0.1 1 0.992626 0.0389839 0.0389839 0.572805 0.572805 0.402508 0.402508 0.734892 0.734892 0.857174 0.857174 0.424931 0.424926 0.940452 0.940451 1.06512 1.06512 0.298707 0.298707 0.00277061 0.00277062 0.271221 0.27122 0.804364 0.804364 0.476721 0.476721 0.828418 0.828418 -0.303524 -0.303524 0.412772 0.412772 ";
21, "tlu 2 3 1.28236 1.28236 16 1 0.1 1 0.965304 0.800286 0.800286 0.262555 0.262555 0.24753 0.24753 0.78875 0.78875 0.0496005 0.0496005 1.19383 1.19383 0.576281 0.576281 0.605086 0.605086 0.113818 0.113818 0.450815 0.450815 0.118119 0.118119 0.65059 0.65059 0.627144 0.627144 1.02794 1.02794 -0.119301 -0.119301 0.224664 0.224664 ";
22, "tlu 2 2 0.390044 0.390047 16 1 0.1 1 0.960656 0.522152 0.522152 -0.633234 -0.633234 0.557816 0.557816 0.379761 0.379761 0.219281 0.219281 0.788375 0.788368 0.701473 0.701473 0.716451 0.716451 0.0370271 0.0370271 0.703641 0.703641 0.373237 0.373236 -0.0804638 -0.0804638 0.351456 0.351456 0.269603 0.269603 -0.142725 -0.142725 -0.000474363 -0.000474362 ";
23, "tlu 2 1 1.38216 1.38216 16 1 0.1 1 0.972355 0.778523 0.778523 0.249715 0.249715 0.313084 0.313084 0.814858 0.814857 0.185242 0.185242 1.19551 1.19549 1.04987 1.04986 0.154534 0.154534 0.208004 0.208004 0.615429 0.615429 0.814057 0.814055 0.0501562 0.0501562 0.0170318 0.0170318 1.04987 1.04987 0.232895 0.232895 0.661306 0.661306 ";
24, "tlu 2 0 -0.0207614 -0.0207727 16 1 0.1 1 0.975321 0.831045 0.831045 0.254445 0.254445 0.232375 0.232375 0.335872 0.335872 0.885837 0.885837 0.587057 0.58705 0.277678 0.277677 0.386431 0.386431 0.877255 0.877255 0.853221 0.853221 0.424873 0.424872 0.723362 0.723362 0.672634 0.672634 0.252523 0.252523 0.542868 0.542868 0.706887 0.706887 ";
25, "layer 2 16";
26, "tlu 1 15 0.550913 0.550913 3 1 0.1 1 5.94369e-05 3.083 3.083 -0.851034 -0.851034 0.380365 0.380365 ";
27, "tlu 1 14 1.14002 1.14002 3 1 0.1 1 1.58323e-11 7.77398 7.77398 -1.91268 -1.91268 -0.796659 -0.796659 ";
28, "tlu 1 13 0.0415598 0.0415602 3 1 0.1 1 0.946429 0.941334 0.941336 0.337129 0.337128 0.014706 0.0147036 ";
29, "tlu 1 12 0.904298 0.904298 3 1 0.1 1 0.990268 1.41254 1.41254 0.600849 0.600849 0.155921 0.155921 ";
30, "tlu 1 11 1.6683 1.6683 3 1 0.1 1 4.96654e-06 5.6383 5.6383 -0.83253 -0.83253 0.153528 0.153528 ";
31, "tlu 1 10 1.03398 1.03398 3 1 0.1 1 0.995146 1.54778 1.54779 0.587447 0.587441 0.780437 0.780424 ";
32, "tlu 1 9 1.08194 1.08194 3 1 0.1 1 0.00431699 3.11486 3.11486 -0.241229 -0.241229 -0.33497 -0.33497 ";
33, "tlu 1 8 0.837855 0.837855 3 1 0.1 1 2.92088e-06 5.97467 5.97467 -0.846429 -0.846429 -0.498472 -0.498472 ";
34, "tlu 1 7 0.631588 0.631588 3 1 0.1 1 0.794621 1.71345 1.71345 0.148324 0.148324 0.799105 0.799105 ";
35, "tlu 1 6 0.638638 0.638639 3 1 0.1 1 0.868548 0.890269 0.890275 0.251998 0.251995 0.276168 0.276161 ";
36, "tlu 1 5 0.592913 0.592914 3 1 0.1 1 0.999157 1.14447 1.14447 0.637389 0.637388 1.16794 1.16793 ";
37, "tlu 1 4 1.13669 1.13669 3 1 0.1 1 0.98688 1.44853 1.44853 0.609646 0.609646 0.0706326 0.0706326 ";
38, "tlu 1 3 0.643145 0.643145 3 1 0.1 1 0.778824 0.841657 0.841658 0.227177 0.227177 0.0307519 0.0307508 ";
39, "tlu 1 2 0.343667 0.343667 3 1 0.1 1 0.231651 2.53066 2.53066 -0.0582756 -0.0582756 0.538002 0.538002 ";
40, "tlu 1 1 0.526212 0.526212 3 1 0.1 1 8.84676e-08 3.95444 3.95444 -1.35052 -1.35052 -0.358526 -0.358526 ";
41, "tlu 1 0 1.49214 1.49214 3 1 0.1 1 1.54048e-06 6.23646 6.23646 -0.913494 -0.913494 -0.0134403 -0.0134403 ";
42, "layer 1 16";
43, "tlu 0 2 0.461623 0 0 0 0.1 1 1.64055 ";
44, "tlu 0 1 0.876827 0 0 0 0.1 1 9.85379 ";
45, "tlu 0 0 0.0174261 0 0 0 0.1 1 -0.459852 ";
46, "layer 0 3";
47, "mlp 3 8 16 2";
