0, "tlu 3 7 0.977167 0.980486 16 1 0.1 0 0.982231 0.280506 0.279207 0.454688 0.452169 0.106402 0.104602 0.487429 0.484786 0.674341 0.671477 0.321901 0.319062 -0.341602 -0.343376 0.54685 0.544163 -0.432461 -0.434026 0.297982 0.295341 -0.172561 -0.174857 -0.189578 -0.190049 -0.246475 -0.24709 -0.0585097 -0.0599255 0.402776 0.400448 -0.275362 -0.277234 ";
1, "tlu 3 6 0.371992 0.374793 16 1 0.1 0 0.981408 0.527131 0.526058 -0.146378 -0.148496 -0.270046 -0.271549 -0.0378832 -0.040106 0.292721 0.290309 0.520841 0.51845 0.626888 0.625408 0.35033 0.348069 -0.334078 -0.335379 0.623539 0.621317 -0.310601 -0.312528 -0.478897 -0.479262 -0.229619 -0.230127 -0.0571385 -0.058312 0.246826 0.244873 -0.0685069 -0.0700701 ";
2, "tlu 3 5 0.378569 0.379724 16 1 0.1 0 0.992873 0.300899 0.300452 0.570525 0.56965 -0.254511 -0.255134 0.103196 0.102279 0.08906 0.088065 0.629491 0.628504 0.149183 0.148569 0.584346 0.583412 0.0321111 0.0315705 -0.205103 -0.20602 -0.291261 -0.292057 -0.285386 -0.285543 -0.0957957 -0.0960075 -0.501948 -0.502436 0.345138 0.344331 0.159319 0.158671 ";
3, "tlu 3 4 0.859828 0.863297 16 1 0.1 0 0.380069 -0.337983 -0.339335 0.642225 0.639594 0.157237 0.155359 -0.113057 -0.115817 0.39057 0.387578 0.538573 0.535607 -0.34357 -0.34542 0.379602 0.376795 -0.131396 -0.133027 -0.35782 -0.360578 -0.244596 -0.246993 -0.693053 -0.693536 -0.278996 -0.279636 0.427665 0.426191 0.580507 0.578077 0.504607 0.502655 ";
4, "tlu 3 3 0.305163 0.305891 16 1 0.1 0 0.438851 -0.366531 -0.366871 0.0113637 0.010789 -0.193236 -0.193672 0.609045 0.608446 0.17322 0.172579 0.350894 0.350258 0.410303 0.409872 0.573964 0.573357 0.346067 0.345676 -0.372951 -0.373549 0.555217 0.554685 -0.357182 -0.357362 -1.25548 -1.25564 -0.509857 -0.51022 0.265861 0.265323 -0.0167354 -0.0171854 ";
5, "tlu 3 2 0.793004 0.79978 16 1 0.1 0 0.0305224 0.125213 0.122662 0.109801 0.104697 -0.432451 -0.43605 0.333175 0.327813 1.12513 1.1193 0.364195 0.358423 -0.442717 -0.446261 0.127949 0.122494 -0.215754 -0.218863 0.66181 0.656452 0.0978037 0.093166 -0.282825 -0.283644 0.619487 0.618281 -0.447102 -0.449897 -0.643484 -0.648187 -0.0252243 -0.0289728 ";
6, "tlu 3 1 0.699037 0.701782 16 1 0.1 0 0.987585 0.0423435 0.0412499 -0.0203834 -0.0224749 0.484545 0.483042 0.426765 0.424573 0.168257 0.165884 0.605549 0.603197 -0.478125 -0.479607 0.542691 0.540462 -0.489574 -0.490886 0.602004 0.599813 0.401767 0.399858 -0.218166 -0.218582 -0.1977 -0.198219 0.0850508 0.0838617 -0.443397 -0.445332 0.0918718 0.09031 ";
7, "tlu 3 0 0.421875 0.42257 16 1 0.1 0 0.99797 -0.0392862 -0.0395752 0.609713 0.609178 -0.38911 -0.3895 0.220473 0.219913 0.289215 0.288611 0.567913 0.567314 0.046888 0.0465035 0.180329 0.179761 0.434083 0.43374 0.211541 0.210982 -0.0390952 -0.0395849 -0.505529 -0.505651 -0.0608206 -0.060958 0.188607 0.188295 -0.440025 -0.440521 0.116254 0.115849 ";
8, "layer 3 8";
9, "tlu 2 15 0.692587 0.692842 16 1 0.1 1 0.999748 0.335083 0.335083 0.460285 0.460283 0.471778 0.471778 0.682671 0.682666 0.703526 0.703525 0.20428 0.204279 0.585369 0.585183 0.505574 0.505569 0.274787 0.274535 0.111949 0.111948 0.732098 0.732094 0.824741 0.824594 0.768498 0.768496 0.819656 0.819656 0.809316 0.809313 0.910293 0.910293 ";
10, "tlu 2 14 0.618115 0.617803 16 1 0.1 1 0.999479 -0.00899406 -0.00899436 0.0694538 0.069455 0.512973 0.512973 0.71023 0.710236 0.532213 0.532214 0.769452 0.769453 0.119298 0.119526 0.759014 0.75902 1.09093 1.09124 0.748166 0.748167 0.694738 0.694742 0.820216 0.820396 0.747469 0.747471 0.492643 0.492643 0.650773 0.650776 -0.0639687 -0.063969 ";
11, "tlu 2 13 0.737731 0.736975 16 1 0.1 1 0.998291 -0.107162 -0.107163 0.147547 0.14755 0.548054 0.548053 0.0860487 0.0860616 0.265751 0.265754 0.647772 0.647772 0.207638 0.208189 0.204845 0.204859 0.165608 0.166359 0.708015 0.708017 1.0678 1.06781 0.755314 0.75575 0.660665 0.66067 0.109713 0.109712 0.971793 0.971801 0.73311 0.733109 ";
12, "tlu 2 12 1.10451 1.10451 16 1 0.1 1 0.588126 -0.597935 -0.597853 0.279659 0.279734 0.826439 0.826514 0.191928 0.192001 0.248182 0.248257 0.551408 0.551483 -0.415343 -0.415327 -0.114606 -0.114532 0.36095 0.360876 0.0449295 0.0450044 0.382682 0.382755 -0.235405 -0.235376 -0.132292 -0.132217 0.22448 0.224555 -0.0647243 -0.0646501 -0.0862481 -0.086172 ";
13, "tlu 2 11 1.66117 1.65933 16 1 0.1 1 0.992006 0.676592 0.676582 0.170107 0.170107 0.335848 0.335839 0.239853 0.239878 0.710481 0.710481 0.903188 0.903181 0.532343 0.533683 0.0787869 0.0788151 -0.0140492 -0.0122145 0.596669 0.596668 0.804827 0.804844 0.477135 0.478194 0.0362593 0.0362664 0.373218 0.373209 0.37011 0.370122 0.369342 0.369333 ";
14, "tlu 2 10 1.18434 1.1842 16 1 0.1 1 0.9997 -0.00450515 -0.00450522 0.779971 0.779972 0.985814 0.985814 0.211973 0.211975 0.687939 0.68794 0.31315 0.31315 0.969408 0.969509 0.168271 0.168274 0.924342 0.924479 0.269771 0.269772 0.459112 0.459114 0.985346 0.985426 0.650979 0.65098 0.662764 0.662764 0.579681 0.579683 1.06036 1.06036 ";
15, "tlu 2 9 0.627456 0.628696 16 1 0.1 1 0.99991 1.1395 1.1395 0.567014 0.567008 0.91787 0.917869 0.0351592 0.0351366 1.12592 1.12592 0.101179 0.101177 0.97838 0.977477 0.410255 0.41023 0.955225 0.953996 0.829426 0.829421 0.755231 0.755213 0.851635 0.850919 0.534663 0.534652 0.379551 0.379551 0.734273 0.734259 0.331331 0.331331 ";
16, "tlu 2 8 1.33454 1.33303 16 1 0.1 1 0.999412 0.267943 0.267942 0.0752977 0.0753043 0.944115 0.944115 0.957129 0.957156 0.574063 0.57407 0.122593 0.122595 0.195169 0.196268 0.973803 0.973832 0.966439 0.967935 0.0519912 0.051997 0.785964 0.785985 0.649922 0.650792 0.58319 0.583202 0.807686 0.807686 0.942322 0.942339 0.359619 0.359618 ";
17, "tlu 2 7 -0.00516234 -0.00395106 16 1 0.1 1 0.999644 0.769462 0.769462 0.86985 0.869844 0.0512645 0.0512643 0.288256 0.288234 0.938623 0.938617 0.150437 0.150435 0.496779 0.495896 0.136804 0.13678 0.588888 0.587687 0.256815 0.25681 0.197235 0.197219 1.16193 1.16123 1.10991 1.1099 0.860196 0.860197 0.153955 0.153942 0.356772 0.356773 ";
18, "tlu 2 6 0.940083 0.938813 16 1 0.1 1 0.999561 0.519848 0.519848 0.431952 0.431958 0.917789 0.917789 0.956548 0.956571 0.753409 0.753415 0.779367 0.779369 0.218794 0.21972 0.342606 0.342632 0.921066 0.922326 0.355388 0.355393 1.07605 1.07607 0.406432 0.407165 0.762956 0.762967 0.291626 0.291626 0.490374 0.490388 -0.0282525 -0.0282531 ";
19, "tlu 2 5 -0.283123 -0.281872 16 1 0.1 1 0.999967 0.812614 0.812614 0.731038 0.731032 0.834024 0.834024 0.0562921 0.0562692 0.866926 0.86692 0.441894 0.441892 1.01249 1.01158 0.985359 0.985333 0.550453 0.549212 0.231359 0.231354 1.11532 1.1153 0.601083 0.600361 0.497616 0.497605 0.668363 0.668362 0.806881 0.806866 0.263009 0.263009 ";
20, "tlu 2 4 0.0490594 0.0506392 16 1 0.1 1 0.999992 0.958312 0.958312 0.142272 0.142264 1.09143 1.09143 0.85139 0.851361 0.955022 0.955014 0.276327 0.276324 0.641218 0.640067 0.233243 0.233211 0.904893 0.903326 0.996911 0.996904 0.270032 0.270009 1.15151 1.1506 0.780615 0.780601 1.04836 1.04836 1.16107 1.16105 0.934321 0.934321 ";
21, "tlu 2 3 0.465099 0.465971 16 1 0.1 1 0.999959 0.667831 0.667831 0.518959 0.518955 0.599168 0.599167 0.969235 0.969219 0.327939 0.327935 0.12594 0.125938 1.11738 1.11674 1.09206 1.09204 0.832048 0.831183 0.657353 0.657349 0.531564 0.531552 0.562587 0.562083 0.572049 0.572041 0.331332 0.331332 1.15878 1.15877 1.02765 1.02765 ";
22, "tlu 2 2 0.714608 0.713968 16 1 0.1 1 0.999589 0.182608 0.182607 0.669992 0.669995 0.245852 0.245852 0.400869 0.400881 0.751285 0.751288 0.207177 0.207178 0.799801 0.800268 0.701455 0.701468 0.0863455 0.0869801 1.06091 1.06091 0.946749 0.946758 0.775067 0.775437 0.902353 0.902358 0.311781 0.311781 0.21905 0.219058 0.357493 0.357493 ";
23, "tlu 2 1 0.170644 0.171612 16 1 0.1 1 0.999902 0.680844 0.680844 0.182272 0.182267 0.414548 0.414547 1.02173 1.02171 0.366338 0.366333 1.07861 1.0786 0.281823 0.281118 0.128462 0.128443 0.73823 0.73727 0.8252 0.825196 1.01169 1.01168 0.948724 0.948165 0.283159 0.28315 0.289527 0.289526 0.502987 0.502976 1.14336 1.14336 ";
24, "tlu 2 0 0.845478 0.846156 16 1 0.1 1 0.999892 1.15689 1.15689 1.08037 1.08037 0.673991 0.67399 0.949281 0.949269 0.705131 0.705127 0.202475 0.202474 0.245665 0.245172 0.589424 0.58941 0.4377 0.437029 1.04935 1.04935 0.264734 0.264724 0.193376 0.192985 0.776618 0.776612 0.0981089 0.0981087 0.937173 0.937165 1.09494 1.09494 ";
25, "layer 2 16";
26, "tlu 1 15 0.349487 0.349487 3 1 0.1 1 0.998696 1.07563 1.07563 0.877069 0.87707 -0.0103039 -0.0103032 ";
27, "tlu 1 14 0.601442 0.60147 3 1 0.1 1 0.995792 0.546267 0.546443 0.552817 0.552947 0.393476 0.393314 ";
28, "tlu 1 13 1.05602 1.05602 3 1 0.1 1 0.999856 0.472773 0.472776 1.06248 1.06248 0.155626 0.155623 ";
29, "tlu 1 12 0.072433 0.0724509 3 1 0.1 1 0.999732 0.194575 0.194691 0.868641 0.868727 0.131659 0.131552 ";
30, "tlu 1 11 0.859817 0.86053 3 1 0.1 1 0.992259 0.0476593 0.0522581 0.387167 0.390571 0.573437 0.569208 ";
31, "tlu 1 10 1.11187 1.11185 3 1 0.1 1 0.993939 0.471251 0.471169 0.546758 0.546698 0.426749 0.426824 ";
32, "tlu 1 9 0.86492 0.864929 3 1 0.1 1 0.999512 0.700511 0.700574 0.746594 0.746641 0.598962 0.598904 ";
33, "tlu 1 8 0.435332 0.435351 3 1 0.1 1 0.587978 0.314171 0.314315 -0.291958 -0.29183 0.981559 0.981432 ";
34, "tlu 1 7 0.374792 0.374811 3 1 0.1 1 0.999975 0.284842 0.284965 1.00184 1.00193 0.528815 0.528702 ";
35, "tlu 1 6 0.337928 0.338566 3 1 0.1 1 0.990432 0.537537 0.541644 0.190843 0.193873 0.972649 0.96887 ";
36, "tlu 1 5 0.223866 0.223864 3 1 0.1 1 0.999955 1.04958 1.04956 0.882651 0.882642 0.815314 0.815324 ";
37, "tlu 1 4 0.944914 0.944926 3 1 0.1 1 0.993147 0.567168 0.567248 0.558824 0.558884 0.346045 0.345971 ";
38, "tlu 1 3 0.834328 0.834342 3 1 0.1 1 0.998083 0.33727 0.337363 0.654213 0.654282 0.365082 0.364996 ";
39, "tlu 1 2 0.838263 0.838264 3 1 0.1 1 0.999748 0.98401 0.984017 0.825266 0.82527 0.646315 0.64631 ";
40, "tlu 1 1 0.0229044 0.0229181 3 1 0.1 1 0.999929 0.239551 0.23964 0.994201 0.994267 0.17573 0.175649 ";
41, "tlu 1 0 0.849904 0.849904 3 1 0.1 1 0.759475 1.14453 1.14453 0.459238 0.459236 -0.293431 -0.293429 ";
42, "layer 1 16";
43, "tlu 0 2 0.350658 0 0 0 0.1 1 3.84214 ";
44, "tlu 0 1 0.117588 0 0 0 0.1 1 9.18318 ";
45, "tlu 0 0 0.206244 0 0 0 0.1 1 -0.952488 ";
46, "layer 0 3";
47, "mlp 3 8 16 2";
