0, "tlu 3 7 0.212464 0.212465 16 1 0.1 0 0.0019488 -0.140537 -0.14054 -0.126126 -0.126128 0.279465 0.279463 -0.242852 -0.242854 -0.198512 -0.198513 0.613182 0.613181 0.330301 0.330298 0.0697263 0.069723 -0.161674 -0.161675 -0.0685697 -0.0685709 0.0809033 0.0809015 -0.176451 -0.176454 -0.352253 -0.352255 -0.0785019 -0.0785036 0.147416 0.147416 0.202187 0.202184 ";
1, "tlu 3 6 1.24709 1.24698 16 1 0.1 0 -0.000395497 0.344407 0.344502 -0.244388 -0.244279 0.113103 0.113212 0.421843 0.421951 0.427797 0.427906 0.380626 0.380736 -0.0540161 -0.0539109 -0.118922 -0.118826 -0.0996995 -0.0996624 0.507782 0.507891 -0.478835 -0.478727 -0.228441 -0.228354 -0.125811 -0.125702 -0.161503 -0.161395 0.0798014 0.079834 0.46115 0.461256 ";
2, "tlu 3 5 0.627111 0.627014 16 1 0.1 0 -0.00177189 0.400726 0.400812 -0.188171 -0.188075 -0.188357 -0.188261 0.337839 0.337935 0.286769 0.286865 -0.34036 -0.340263 -0.475227 -0.475132 -0.174844 -0.174756 0.022404 0.022438 0.576483 0.576579 0.108457 0.108553 -0.102513 -0.102435 -0.066103 -0.0660064 -0.0737787 -0.0736825 -0.0222786 -0.0222502 0.531501 0.531596 ";
3, "tlu 3 4 0.838102 0.837996 16 1 0.1 0 -8.53663e-05 0.976486 0.976579 0.033739 0.0338448 -0.232701 -0.232596 -0.297043 -0.296937 0.138266 0.138371 0.367372 0.367478 -0.182675 -0.182571 -0.457278 -0.457183 0.0980014 0.098038 0.782793 0.782899 -0.459385 -0.45928 -0.14925 -0.149165 0.0499246 0.0500303 0.455611 0.455716 -0.109641 -0.10961 -0.156375 -0.156271 ";
4, "tlu 3 3 0.382861 0.383778 16 1 0.1 0 0.0107899 0.414251 0.413434 -0.606733 -0.607648 0.672788 0.671874 0.189598 0.188684 -0.269806 -0.27072 0.392174 0.391258 0.257035 0.256136 -0.606669 -0.607502 -0.134643 -0.134966 0.408609 0.407692 -0.274793 -0.275703 -0.253534 -0.254278 -0.442901 -0.443816 0.41182 0.410909 0.0802477 0.0799781 0.0990999 0.098195 ";
5, "tlu 3 2 0.757037 0.755965 16 1 0.1 0 0.876897 0.2208 0.221746 -0.215633 -0.214565 -0.0221668 -0.0210997 -0.0871879 -0.0861206 0.1977 0.198767 0.62574 0.62681 -0.22219 -0.221147 0.498623 0.499585 0.0622583 0.0626312 -0.155569 -0.154499 -0.878622 -0.877562 0.347536 0.348396 0.50147 0.502538 0.0278075 0.0288694 1.3642 1.36452 -0.0218223 -0.02077 ";
6, "tlu 3 1 0.219971 0.222016 16 1 0.1 0 0.17059 -0.326694 -0.328512 -0.726221 -0.72826 0.589887 0.587849 0.56102 0.558981 -0.189392 -0.19143 -0.309773 -0.311815 0.652986 0.650985 -1.10593 -1.10778 0.0669359 0.0662181 -0.0380776 -0.0401212 -0.0650253 -0.067053 0.59759 0.595937 0.505529 0.50349 -0.111934 -0.113964 -0.287417 -0.288019 0.493766 0.491751 ";
7, "tlu 3 0 -0.459759 -0.458642 16 1 0.1 0 0.183918 0.358712 0.357727 -0.14889 -0.150003 0.235031 0.233919 0.00618048 0.00506845 -0.2636 -0.264712 0.336291 0.335176 0.0139826 0.0128966 -0.22518 -0.226182 -1.63613 -1.63652 0.374953 0.373838 -0.0663695 -0.0674742 0.478106 0.477211 -0.179858 -0.180971 0.0606865 0.0595803 -0.719555 -0.719886 0.100884 0.0997877 ";
8, "layer 3 8";
9, "tlu 2 15 0.382409 0.382423 16 1 0.1 1 0.994198 0.276244 0.276238 0.408442 0.408428 -0.0675924 -0.0676067 0.156094 0.156089 0.832834 0.832833 0.888426 0.888421 0.124057 0.124043 0.798407 0.798401 0.139901 0.139887 0.596909 0.596902 0.20844 0.208425 0.198568 0.198562 0.00198979 0.00198965 0.387567 0.387561 0.685049 0.685043 0.802645 0.802631 ";
10, "tlu 2 14 1.35868 1.35811 16 1 0.1 1 0.618294 0.62852 0.629055 0.519029 0.519606 0.117508 0.118085 -0.0502673 -0.0497404 0.403166 0.403239 -0.928153 -0.927627 0.593185 0.593762 -0.676812 -0.676283 -0.0513093 -0.050732 -0.834638 -0.834097 -0.263235 -0.262657 -0.0212251 -0.0206899 0.676074 0.676089 1.14842 1.14896 0.111411 0.111946 0.0645619 0.0651391 ";
11, "tlu 2 13 0.819264 0.819265 16 1 0.1 1 0.998414 0.0972299 0.0972295 0.186779 0.186778 -0.0228492 -0.0228502 0.867383 0.867383 1.02842 1.02842 1.00105 1.00105 0.724713 0.724712 0.861637 0.861637 0.669191 0.66919 0.0185501 0.0185497 0.762463 0.762462 0.966463 0.966462 0.63922 0.63922 0.0880636 0.0880633 0.0989027 0.0989024 0.541342 0.541341 ";
12, "tlu 2 12 0.583187 0.583186 16 1 0.1 1 0.999675 0.590135 0.590136 0.820723 0.820724 0.176128 0.176129 0.457204 0.457204 0.693983 0.693983 0.465141 0.465141 0.89951 0.899511 0.870545 0.870545 0.905935 0.905935 0.455072 0.455073 -0.0630632 -0.0630624 1.0835 1.0835 0.340307 0.340307 0.697525 0.697525 0.279529 0.279529 0.602275 0.602275 ";
13, "tlu 2 11 0.382299 0.382477 16 1 0.1 1 0.915231 0.0477895 0.0476279 -0.255991 -0.256169 -0.305688 -0.305866 0.439237 0.439078 0.737671 0.737649 -0.0410442 -0.0412031 0.0744561 0.074278 0.520766 0.520606 0.322245 0.322067 0.850477 0.850313 -0.0237092 -0.0238873 0.310581 0.31042 0.502596 0.502592 -0.189695 -0.189857 -0.173924 -0.174086 0.271375 0.271197 ";
14, "tlu 2 10 1.04021 1.04021 16 1 0.1 1 0.998474 0.0126055 0.0126043 0.147044 0.147037 0.808291 0.808284 0.96402 0.964019 0.183269 0.183269 -0.175733 -0.175734 0.849569 0.849563 1.07394 1.07394 -0.0657984 -0.0658049 0.618893 0.618891 1.02626 1.02625 0.0874288 0.0874275 0.308228 0.308228 0.750635 0.750634 0.886804 0.886803 0.0804019 0.0803954 ";
15, "tlu 2 9 -0.105634 -0.105634 16 1 0.1 1 0.99988 0.528828 0.528827 0.953405 0.953405 1.02117 1.02117 0.0915299 0.0915298 1.00278 1.00278 1.04411 1.04411 0.541438 0.541437 0.882988 0.882988 0.269032 0.269032 0.190809 0.190808 1.07592 1.07592 0.549157 0.549157 0.998079 0.998079 0.68065 0.68065 0.00447486 0.00447473 0.478272 0.478272 ";
16, "tlu 2 8 1.54731 1.54689 16 1 0.1 1 0.527072 0.0965246 0.096929 -0.0999228 -0.0994989 0.504378 0.504802 0.0396528 0.040051 -0.0580172 -0.0579619 -0.138677 -0.13828 0.272193 0.272617 -1.19969 -1.19929 -0.155222 -0.154798 -0.00539482 -0.00498762 -0.33018 -0.329756 0.720681 0.721085 0.972761 0.972772 0.454184 0.454588 0.895971 0.896375 -0.126759 -0.126335 ";
17, "tlu 2 7 1.53115 1.53088 16 1 0.1 1 0.958848 0.761387 0.761614 -0.150076 -0.149804 0.484893 0.485165 0.530658 0.530881 0.937842 0.937872 -0.0370964 -0.0368735 0.803642 0.803914 0.536245 0.536469 -0.174919 -0.174647 -1.02707 -1.02684 0.290428 0.2907 0.418413 0.41864 0.0163217 0.0163279 1.01409 1.01431 0.134967 0.135194 0.37212 0.372392 ";
18, "tlu 2 6 0.361952 0.361984 16 1 0.1 1 0.995247 0.787519 0.787508 0.52292 0.522888 -0.190343 -0.190375 0.0515061 0.0514945 0.434116 0.434115 0.193021 0.19301 0.162814 0.162783 0.602805 0.602793 -0.193962 -0.193994 0.872134 0.872119 0.683416 0.683384 0.760358 0.760346 0.304885 0.304885 0.313442 0.313431 0.764216 0.764204 1.24777e-05 -1.94478e-05 ";
19, "tlu 2 5 -0.0489113 -0.0489124 16 1 0.1 1 0.999774 0.997074 0.997075 0.551998 0.551999 0.858736 0.858737 0.39765 0.39765 0.805152 0.805152 0.781638 0.781638 1.06023 1.06023 0.434674 0.434674 0.120645 0.120646 0.3611 0.3611 0.446634 0.446635 0.50366 0.50366 0.937155 0.937155 0.183291 0.183291 0.392265 0.392265 0.635741 0.635742 ";
20, "tlu 2 4 0.704911 0.704907 16 1 0.1 1 0.998992 0.417281 0.417282 0.638314 0.638318 0.00983502 0.0098396 0.297883 0.297884 0.40471 0.40471 0.745087 0.745088 0.782411 0.782416 0.306425 0.306426 0.622207 0.622212 0.951959 0.95196 0.356509 0.356514 0.0790638 0.0790649 0.255863 0.255863 0.774882 0.774883 0.732938 0.732939 1.00057 1.00057 ";
21, "tlu 2 3 0.586951 0.586955 16 1 0.1 1 0.999675 0.455808 0.455808 0.298707 0.298703 0.292662 0.292658 0.371984 0.371984 1.08493 1.08493 0.885396 0.885395 0.555471 0.555467 0.367369 0.367369 0.799962 0.799957 0.852749 0.852748 0.806576 0.806572 0.685568 0.685567 0.642693 0.642693 0.867885 0.867884 0.348658 0.348658 0.481188 0.481183 ";
22, "tlu 2 2 0.233646 0.233653 16 1 0.1 1 0.999707 0.369889 0.369888 0.126265 0.126258 0.0581598 0.0581529 0.564426 0.564425 0.927188 0.927188 0.840204 0.840203 0.294417 0.294411 0.480058 0.480057 0.973397 0.97339 1.08326 1.08326 0.975956 0.975949 0.758905 0.758904 0.916418 0.916418 0.019312 0.019311 0.817444 0.817443 0.360294 0.360287 ";
23, "tlu 2 1 1.53638 1.53637 16 1 0.1 1 0.999776 0.826561 0.826562 0.96873 0.968734 0.995008 0.995013 1.06216 1.06216 0.927831 0.927831 0.527649 0.52765 0.572709 0.572714 0.482205 0.482206 0.468573 0.468577 0.503487 0.503489 0.650696 0.650701 0.580859 0.58086 0.947065 0.947065 0.376699 0.3767 0.224636 0.224637 0.796122 0.796127 ";
24, "tlu 2 0 0.206552 0.206523 16 1 0.1 1 0.950455 0.380033 0.380058 0.0155393 0.0155687 0.226852 0.226881 -0.152467 -0.152442 1.03767 1.03767 0.778356 0.778381 0.395314 0.395343 0.52 0.520025 0.31114 0.311169 -0.0382467 -0.0382208 -0.22501 -0.224981 -0.0810858 -0.0810605 0.994845 0.994845 0.349229 0.349254 0.0764408 0.0764662 -0.245379 -0.24535 ";
25, "layer 2 16";
26, "tlu 1 15 0.956438 0.956438 3 1 0.1 1 0.999986 0.314678 0.314678 0.842243 0.842243 1.09721 1.09721 ";
27, "tlu 1 14 0.996596 0.996595 3 1 0.1 1 0.997351 1.17991 1.17991 0.563146 0.563149 0.399251 0.399254 ";
28, "tlu 1 13 0.651925 0.651925 3 1 0.1 1 0.999433 1.54215 1.54215 0.681202 0.681204 0.414216 0.414221 ";
29, "tlu 1 12 0.956558 0.956539 3 1 0.1 1 0.686054 0.623473 0.623496 0.590042 0.590162 -0.961602 -0.961462 ";
30, "tlu 1 11 0.826683 0.826683 3 1 0.1 1 0.998624 1.29975 1.29975 0.639757 0.639758 0.339143 0.339145 ";
31, "tlu 1 10 0.722377 0.722377 3 1 0.1 1 0.999995 0.520675 0.520675 0.930013 0.930013 1.10094 1.10094 ";
32, "tlu 1 9 0.320557 0.320573 3 1 0.1 1 1 1.39951 1.3996 1.67139 1.67135 0.304521 0.304408 ";
33, "tlu 1 8 0.39226 0.39226 3 1 0.1 1 0.999986 0.0749283 0.0749284 0.896768 0.896768 0.841303 0.841303 ";
34, "tlu 1 7 0.921715 0.921727 3 1 0.1 1 0.999297 0.624571 0.624565 0.996502 0.996427 -0.273502 -0.273595 ";
35, "tlu 1 6 0.2063 0.2063 3 1 0.1 1 0.999993 0.722043 0.722041 0.853121 0.853122 1.04088 1.04088 ";
36, "tlu 1 5 0.959152 0.959163 3 1 0.1 1 0.223333 1.26517 1.26516 -0.386178 -0.386242 0.780531 0.780454 ";
37, "tlu 1 4 0.805019 0.804984 3 1 0.1 1 0.741769 0.494182 0.494227 0.457897 0.458126 -0.616645 -0.616378 ";
38, "tlu 1 3 1.15701 1.15701 3 1 0.1 1 0.979029 1.07724 1.07725 0.478052 0.478055 0.112096 0.1121 ";
39, "tlu 1 2 0.147862 0.147862 3 1 0.1 1 0.99915 -0.0664535 -0.0664539 0.536367 0.536369 0.584045 0.584047 ";
40, "tlu 1 1 0.0576708 0.0576708 3 1 0.1 1 0.999988 0.057864 0.0578639 0.9788 0.9788 0.608322 0.608322 ";
41, "tlu 1 0 0.180778 0.180778 3 1 0.1 1 0.999603 1.51534 1.51534 0.71717 0.717171 0.302114 0.302116 ";
42, "layer 1 16";
43, "tlu 0 2 0.982147 0 0 0 0.1 1 3.93241 ";
44, "tlu 0 1 0.714011 0 0 0 0.1 1 9.19308 ";
45, "tlu 0 0 0.489639 0 0 0 0.1 1 0.153028 ";
46, "layer 0 3";
47, "mlp 3 8 16 2";
