0, "tlu 3 7 0.691589 0.690519 16 1 0.1 0 -0.100752 -0.703579 -0.703223 0.629594 0.630652 0.111791 0.112855 -0.302929 -0.302782 -0.140217 -0.139168 0.302434 0.303495 -0.675213 -0.675086 -0.502807 -0.502765 -0.308739 -0.307768 -0.109378 -0.108315 -0.0460853 -0.0460421 0.719755 0.720819 -0.0655341 -0.064471 0.0223931 0.0224879 0.555463 0.556524 -0.650225 -0.649168 ";
1, "tlu 3 6 0.51909 0.518381 16 1 0.1 0 -0.0629318 -0.341231 -0.340999 0.207644 0.208336 0.591569 0.592267 0.212181 0.212278 0.535495 0.536176 0.192445 0.193137 -0.084561 -0.0844787 -0.593404 -0.593375 -0.593928 -0.593297 0.186416 0.187111 -0.299592 -0.299561 0.259583 0.26028 0.324826 0.325522 0.0248777 0.0249396 -0.260195 -0.259501 -0.842277 -0.841591 ";
2, "tlu 3 5 0.109762 0.109484 16 1 0.1 0 -0.0288941 -0.235636 -0.235542 -0.0737554 -0.0734769 -0.0276543 -0.0273749 -0.551561 -0.551522 -0.0465596 -0.046281 0.188597 0.188878 -0.267125 -0.267092 0.289953 0.289963 -0.167305 -0.167047 -0.159132 -0.158853 -0.268371 -0.268362 0.108488 0.108768 0.301721 0.302001 -0.0487535 -0.0487283 0.212232 0.212511 -0.050811 -0.0505301 ";
3, "tlu 3 4 -0.275705 -0.272573 16 1 0.1 0 0.714726 0.187747 0.186941 -0.0970412 -0.0996718 0.703572 0.70083 -0.0793515 -0.0797293 -0.190066 -0.192434 -0.402037 -0.404569 -0.045124 -0.0454236 -0.218269 -0.218431 -0.0550863 -0.0572537 -0.439297 -0.441927 0.258007 0.257721 0.205448 0.202756 0.804222 0.801532 -0.506159 -0.506386 0.0986059 0.0959578 -0.911985 -0.914345 ";
4, "tlu 3 3 0.0106308 0.00998128 16 1 0.1 0 0.636338 -0.458581 -0.458207 0.158279 0.159232 0.437005 0.437901 -0.0440861 -0.0439616 -0.41558 -0.414473 -0.213555 -0.212528 -0.393237 -0.393114 -0.0767067 -0.0767065 -0.291226 -0.290184 0.408502 0.409468 0.175979 0.175898 0.310915 0.311842 0.492625 0.493552 0.0276354 0.0277252 0.264275 0.265226 -0.967848 -0.966716 ";
5, "tlu 3 2 -0.315422 -0.318416 16 1 0.1 0 0.941131 -0.119968 -0.119525 0.173407 0.175272 0.254366 0.256465 0.13289 0.133177 0.058494 0.0597738 0.28505 0.286669 0.0608413 0.0610306 -0.173648 -0.173439 -0.602471 -0.601343 -0.565102 -0.563258 0.158956 0.159453 1.39909 1.40107 -0.141101 -0.139119 -1.02861 -1.02846 0.15316 0.155052 -0.275875 -0.274643 ";
6, "tlu 3 1 -0.132555 -0.135569 16 1 0.1 0 0.860224 -0.35292 -0.351932 0.15782 0.16077 -0.0521578 -0.0491826 -0.2357 -0.235289 -0.546303 -0.543392 0.318227 0.321179 -0.880528 -0.880177 0.244236 0.244358 -0.769806 -0.767112 0.345671 0.348635 0.629117 0.629249 0.129479 0.132449 0.654849 0.657817 -0.413678 -0.413413 0.593702 0.596663 -0.383681 -0.38075 ";
7, "tlu 3 0 -0.259387 -0.26275 16 1 0.1 0 0.718066 -0.434213 -0.433 0.319129 0.32264 0.702082 0.705577 0.0477308 0.0482142 -0.268439 -0.264859 -0.115459 -0.111896 0.399001 0.399426 0.302404 0.302521 -1.06838 -1.06506 0.155644 0.159177 -0.0907825 -0.0907113 0.174588 0.178099 -0.352903 -0.349393 -0.000784002 -0.000467422 0.494478 0.497998 -0.262131 -0.258515 ";
8, "layer 3 8";
9, "tlu 2 15 2.07146 2.07141 16 1 0.1 1 0.0845901 -0.117615 -0.11762 1.01984 1.01983 0.966229 0.966224 0.995954 0.995949 -0.433064 -0.433017 0.799558 0.799553 0.338977 0.338972 -0.160491 -0.160491 0.986167 0.986162 0.787148 0.787143 0.469694 0.469689 0.0513958 0.0513908 0.44245 0.442445 0.551625 0.55162 0.890694 0.890689 0.572342 0.572337 ";
10, "tlu 2 14 1.17003 1.17002 16 1 0.1 1 0.368871 0.777771 0.777779 0.194376 0.194384 0.131428 0.131436 0.715625 0.715633 0.868831 0.868837 0.377674 0.377681 0.6833 0.683308 0.600622 0.600622 0.889947 0.889955 0.095057 0.0950647 0.52384 0.523847 1.11566 1.11566 0.00169881 0.00170644 0.0315667 0.0315744 0.663235 0.663243 0.436493 0.436501 ";
11, "tlu 2 13 3.00182 3.00196 16 1 0.1 1 0.0344323 -0.239418 -0.239508 -0.241463 -0.241553 0.032978 0.0328882 0.25216 0.25207 -0.459015 -0.459151 -0.0311649 -0.0312547 -0.124173 -0.124263 2.85565 2.85565 0.565342 0.565252 -0.0317489 -0.0318387 0.581682 0.581592 -0.457121 -0.457211 0.343402 0.343312 -0.0575836 -0.0576733 0.363412 0.363323 0.185001 0.184911 ";
12, "tlu 2 12 0.687548 0.687802 16 1 0.1 1 0.433645 -0.113883 -0.113884 0.312733 0.312733 0.846116 0.846115 0.179796 0.179795 0.57597 0.575722 0.333383 0.333383 0.311821 0.31182 0.304365 0.304365 1.00334 1.00334 0.370235 0.370234 0.662845 0.662844 0.312362 0.312361 1.07342 1.07342 0.604468 0.604468 0.715714 0.715713 0.970489 0.970489 ";
13, "tlu 2 11 0.311684 0.311104 16 1 0.1 1 0.455017 0.944041 0.944042 0.889678 0.889679 0.569098 0.569099 0.159772 0.159774 0.174408 0.174974 0.984744 0.984745 0.902022 0.902023 1.13512 1.13512 0.545606 0.545607 0.984412 0.984413 0.0314958 0.0314975 0.523387 0.523389 0.365421 0.365422 0.56331 0.56331 0.897643 0.897644 0.942846 0.942847 ";
14, "tlu 2 10 1.25546 1.25541 16 1 0.1 1 0.234342 -0.807399 -0.807363 -0.188741 -0.188705 -0.318259 -0.318224 -0.160667 -0.160632 0.101076 0.101126 0.186696 0.186732 0.31743 0.317465 -0.233169 -0.233169 -0.305214 -0.305179 0.118854 0.11889 -0.163723 -0.163687 -0.0162736 -0.0162381 0.0346504 0.0346858 -0.417054 -0.417019 -0.197382 -0.197347 -0.160117 -0.160082 ";
15, "tlu 2 9 1.20774 1.20796 16 1 0.1 1 0.348975 0.220868 0.220868 1.09211 1.09211 0.12186 0.12186 0.353522 0.353522 0.80206 0.801844 0.915826 0.915826 1.08164 1.08164 -0.510654 -0.510654 0.964218 0.964218 1.0442 1.0442 1.0839 1.0839 0.384274 0.384273 0.795475 0.795475 0.519284 0.519284 0.627279 0.627279 0.612508 0.612508 ";
16, "tlu 2 8 2.48302 2.48366 16 1 0.1 1 0.0713715 0.0614278 0.0608396 0.0897611 0.0891727 0.199139 0.19855 0.523502 0.522914 -0.117016 -0.117651 0.661603 0.661014 -0.122072 -0.12266 -0.207092 -0.207092 0.313315 0.312727 0.445736 0.445147 0.257158 0.25657 0.430675 0.430086 0.679989 0.679401 0.503537 0.502949 0.448171 0.447583 0.524856 0.524268 ";
17, "tlu 2 7 2.12965 2.12962 16 1 0.1 1 0.0915869 -0.462327 -0.462283 0.538764 0.538809 0.289273 0.289317 0.0771761 0.0772205 -0.225803 -0.225774 0.104522 0.104566 -0.435688 -0.435644 0.410021 0.410021 -0.338627 -0.338583 0.224421 0.224465 -0.524351 -0.524306 0.124333 0.124377 -0.023011 -0.0229665 -0.481965 -0.48192 -0.313231 -0.313187 0.37204 0.372084 ";
18, "tlu 2 6 2.35601 2.35624 16 1 0.1 1 0.0410488 -0.282397 -0.282633 0.526488 0.526251 -0.135509 -0.135745 -0.0202628 -0.0204994 -1.09846 -1.09869 0.301796 0.30156 0.555825 0.555589 0.140735 0.140735 0.0842519 0.0840153 -0.0690458 -0.0692824 -0.108913 -0.109149 -0.179771 -0.180008 0.146455 0.146218 0.0625875 0.0623509 0.311334 0.311098 0.26258 0.262344 ";
19, "tlu 2 5 1.43077 1.43055 16 1 0.1 1 0.25388 0.576798 0.5768 1.06959 1.06959 1.04117 1.04118 0.664542 0.664544 0.481405 0.481615 0.646759 0.646761 0.155704 0.155705 0.430896 0.430896 0.404762 0.404763 1.00972 1.00972 0.548514 0.548516 0.35687 0.356872 0.0143851 0.0143865 0.551567 0.551568 0.711532 0.711533 0.653343 0.653345 ";
20, "tlu 2 4 1.69476 1.69473 16 1 0.1 1 0.117214 0.809003 0.808982 0.656384 0.656362 0.947711 0.94769 0.0536002 0.0535785 -0.453065 -0.453038 0.211167 0.211145 0.00521111 0.0051895 0.295735 0.295735 -0.0158536 -0.0158753 0.837848 0.837827 0.663463 0.663441 0.896853 0.896832 0.501454 0.501433 0.481682 0.48166 0.753674 0.753652 -0.0120005 -0.0120221 ";
21, "tlu 2 3 1.78395 1.78399 16 1 0.1 1 0.0859984 -0.329654 -0.329721 0.274748 0.274681 -0.262001 -0.262068 0.560765 0.560698 -0.799859 -0.799906 0.310489 0.310422 -0.253993 -0.25406 -0.342441 -0.342441 -0.0147357 -0.0148028 -0.376136 -0.376203 -0.229449 -0.229516 0.612056 0.611989 -0.379058 -0.379125 0.557298 0.557231 -0.0688574 -0.0689244 0.351759 0.351692 ";
22, "tlu 2 2 0.78262 0.782744 16 1 0.1 1 0.471256 0.865657 0.865657 1.06294 1.06294 0.712464 0.712464 0.959734 0.959734 0.915692 0.915571 0.541671 0.541671 1.11471 1.11471 0.798601 0.798601 0.476118 0.476118 0.957655 0.957655 0.431641 0.431641 0.385828 0.385828 1.03658 1.03658 0.223447 0.223447 0.630402 0.630402 0.576684 0.576684 ";
23, "tlu 2 1 1.0045 1.00441 16 1 0.1 1 0.370466 0.842064 0.842079 -0.0150642 -0.0150487 0.540919 0.540934 0.812421 0.812436 0.650934 0.651015 0.366273 0.366289 0.068156 0.0681715 0.367992 0.367992 0.556034 0.556049 0.284527 0.284542 0.220003 0.220018 0.625403 0.625419 0.0704153 0.0704307 1.02451 1.02452 0.259247 0.259263 -0.0150047 -0.0149892 ";
24, "tlu 2 0 2.62766 2.62872 16 1 0.1 1 0.0488301 0.517531 0.516474 -0.164912 -0.16597 -0.270844 -0.271902 -0.306028 -0.307086 -0.471949 -0.473009 0.687046 0.685988 0.165988 0.164932 0.027633 0.027633 0.528095 0.527037 0.618073 0.617015 0.591299 0.590242 -0.0461766 -0.0472341 -0.191642 -0.192699 0.313688 0.312631 -0.19484 -0.195897 0.189582 0.188525 ";
25, "layer 2 16";
26, "tlu 1 15 1.06747 1.06747 3 1 0.1 1 0.000511593 0.514854 0.51485 0.98226 0.982258 0.570195 0.570197 ";
27, "tlu 1 14 0.222514 0.222513 3 1 0.1 1 0.0023684 0.498078 0.498075 0.74206 0.742058 0.0146576 0.0146591 ";
28, "tlu 1 13 0.702182 0.702182 3 1 0.1 1 0.000429922 0.580088 0.580088 1.1009 1.1009 -0.00163116 -0.00163106 ";
29, "tlu 1 12 0.464018 0.464019 3 1 0.1 1 1.62348e-05 0.910002 0.910006 0.913626 0.913628 1.06639 1.06639 ";
30, "tlu 1 11 0.418076 0.418075 3 1 0.1 1 0.000322619 0.609527 0.609521 1.06595 1.06595 0.738747 0.73875 ";
31, "tlu 1 10 0.177434 0.177434 3 1 0.1 1 6.95987e-05 0.781296 0.781302 1.03864 1.03864 0.975854 0.975851 ";
32, "tlu 1 9 0.396454 0.396454 3 1 0.1 1 1.1683e-05 0.937131 0.93713 1.10391 1.10391 0.843694 0.843695 ";
33, "tlu 1 8 0.0699211 0.0699211 3 1 0.1 1 2.42431e-05 0.936771 0.936771 1.02711 1.02711 0.128278 0.128278 ";
34, "tlu 1 7 0.334107 0.334106 3 1 0.1 1 1.29697e-05 1.223 1.22299 -1.06265 -1.06265 0.0810406 0.0810424 ";
35, "tlu 1 6 0.786269 0.786269 3 1 0.1 1 0.000406207 0.603824 0.603822 0.696332 0.696329 0.490664 0.490665 ";
36, "tlu 1 5 0.969245 0.969244 3 1 0.1 1 3.96365e-05 0.744407 0.744403 1.14511 1.14511 1.00352 1.00352 ";
37, "tlu 1 4 0.118449 0.118454 3 1 0.1 1 0.724441 -0.24518 -0.245134 0.774587 0.774607 1.00841 1.00839 ";
38, "tlu 1 3 0.639182 0.639182 3 1 0.1 1 0.000149286 0.676177 0.676176 0.952869 0.952868 0.788279 0.78828 ";
39, "tlu 1 2 0.234411 0.23441 3 1 0.1 1 0.000698935 0.595189 0.595185 0.827643 0.827642 0.352238 0.35224 ";
40, "tlu 1 1 0.280672 0.280671 3 1 0.1 1 3.43095e-05 0.830358 0.830354 1.12334 1.12334 1.01686 1.01686 ";
41, "tlu 1 0 0.248943 0.248942 3 1 0.1 1 0.00105069 0.573142 0.57313 0.679469 0.679461 0.284019 0.284024 ";
42, "layer 1 16";
43, "tlu 0 2 0.749962 0 0 0 0.1 1 -0.432722 ";
44, "tlu 0 1 0.036317 0 0 0 0.1 1 -1.17618 ";
45, "tlu 0 0 0.983123 0 0 0 0.1 1 -9.92116 ";
46, "layer 0 3";
47, "mlp 3 8 16 2";
