0, "tlu 3 7 1.05813 1.05812 16 1 0.1 0 -0.0958565 0.197211 0.197227 0.168156 0.168172 0.828199 0.828215 0.000379853 0.000378792 -0.266969 -0.266953 -0.00904694 -0.00904013 -0.464119 -0.464103 -0.244965 -0.244949 0.000727059 0.000736153 -0.0300146 -0.0299986 -0.315499 -0.315483 0.11253 0.112545 0.00718304 0.00718593 0.208256 0.208272 0.557861 0.557877 0.311723 0.31174 ";
1, "tlu 3 6 0.641105 0.641069 16 1 0.1 0 -0.252495 -0.248302 -0.248267 0.0263406 0.0263758 0.409297 0.409332 0.0094864 0.00948423 0.523192 0.523226 -0.00745475 -0.00743993 -0.484811 -0.484777 0.0662135 0.0662481 -0.0115292 -0.0115096 0.00994204 0.00997677 -0.0715329 -0.0714977 -0.12763 -0.127598 0.0171505 0.0171569 0.12993 0.129965 -0.101444 -0.101409 0.501989 0.502024 ";
2, "tlu 3 5 0.3986 0.398645 16 1 0.1 0 -0.0810562 0.0912632 0.0912179 -0.0797378 -0.0797832 0.545649 0.545603 -0.00110813 -0.00111265 -0.275692 -0.275738 0.00851071 0.00848795 0.113147 0.113102 0.109958 0.109912 -0.00572356 -0.00574486 0.0488124 0.0487673 -0.225514 -0.22556 -0.206746 -0.206788 0.0050671 0.00505366 -0.43318 -0.433226 0.260671 0.260625 0.432648 0.432603 ";
3, "tlu 3 4 0.645286 0.645768 16 1 0.1 0 0.158395 -0.919347 -0.919833 0.201963 0.201479 0.925499 0.925016 -0.414589 -0.414616 -0.323822 -0.324308 1.15129 1.15107 -0.227353 -0.227837 -0.231856 -0.232347 -1.4912 -1.49143 0.0386937 0.0382121 0.526679 0.526194 0.192846 0.192392 0.458551 0.458425 0.121575 0.121088 0.142189 0.141701 0.272176 0.271691 ";
4, "tlu 3 3 1.28411 1.28485 16 1 0.1 0 -0.0836311 -0.362681 -0.363412 0.467863 0.467124 0.594983 0.594243 -1.68989 -1.69002 -0.292807 -0.293539 1.70848 1.70807 -0.0317046 -0.0324354 0.278805 0.278066 -0.199509 -0.199834 -0.235699 -0.236431 0.46093 0.46019 0.118744 0.118052 -0.393359 -0.393622 -0.186558 -0.187296 0.0997625 0.0990232 0.489669 0.48893 ";
5, "tlu 3 2 1.04283 1.04221 16 1 0.1 0 0.250287 -0.545623 -0.54501 0.787136 0.787755 0.633691 0.634312 -0.693536 -0.693556 -0.319096 -0.318482 0.112753 0.113015 0.149675 0.150287 -0.12814 -0.127519 0.0502111 0.05054 0.654573 0.655187 -0.214806 -0.214185 0.112995 0.11357 1.01441 1.01453 0.163312 0.163932 -0.198097 -0.197476 0.0238001 0.0244206 ";
6, "tlu 3 1 0.915683 0.915351 16 1 0.1 0 0.517642 -0.00307484 -0.00274264 0.507999 0.508332 -0.225775 -0.225442 -0.99098 -0.991039 -0.409201 -0.408869 -0.03885 -0.0387432 -0.563121 -0.562789 -0.640926 -0.640589 0.872507 0.872703 0.524268 0.524599 0.41708 0.417414 0.329922 0.33023 0.0936667 0.0936938 0.631383 0.631717 0.491734 0.49207 0.503843 0.504177 ";
7, "tlu 3 0 0.582688 0.582652 16 1 0.1 0 0.340104 -0.557062 -0.557027 0.480641 0.480677 0.359392 0.359428 -0.00125713 -0.00126147 0.268926 0.268961 -0.0231216 -0.0231077 -0.438561 -0.438527 -0.0358193 -0.0357844 -0.00915904 -0.00913799 -0.0921093 -0.0920741 0.493657 0.493693 0.0795466 0.0795792 0.0274422 0.0274471 0.591978 0.592013 -0.178017 -0.177982 0.315825 0.315861 ";
8, "layer 3 8";
9, "tlu 2 15 0.351869 0.351869 16 1 0.1 1 0.434278 0.572687 0.572687 0.221913 0.221913 1.06762 1.06762 0.801195 0.801195 0.344485 0.344485 0.0367253 0.0367254 0.933569 0.933569 0.652494 0.652494 0.694229 0.694229 0.0533881 0.0533879 1.01377 1.01377 0.0189252 0.018925 0.934996 0.934996 0.967281 0.96728 0.6365 0.636499 0.787256 0.787256 ";
10, "tlu 2 14 0.797498 0.797498 16 1 0.1 1 0.576359 0.928522 0.928522 1.05504 1.05504 0.485035 0.485035 1.05682 1.05682 0.880288 0.880288 0.537998 0.537998 0.81591 0.81591 0.204823 0.204823 0.00623523 0.00623522 0.82801 0.82801 0.36142 0.36142 0.0773452 0.0773451 -0.0232428 -0.0232433 0.889214 0.889214 0.919617 0.919617 0.386955 0.386955 ";
11, "tlu 2 13 0.789335 0.789334 16 1 0.1 1 0.495854 0.511721 0.511723 0.646952 0.646953 0.409202 0.409202 0.0664444 0.0664457 1.00455 1.00455 0.675175 0.675176 0.156172 0.156174 0.71573 0.71573 0.351138 0.351138 0.23392 0.233921 1.04055 1.04055 0.946952 0.946953 0.0722943 0.0722952 0.33599 0.335991 0.645586 0.645587 0.45886 0.458861 ";
12, "tlu 2 12 0.61916 0.619013 16 1 0.1 1 0.32044 -0.249592 -0.249446 -0.128134 -0.127991 1.65529 1.65528 -0.231057 -0.23091 -0.0478277 -0.0476823 -0.0181778 -0.0180253 -0.191355 -0.191208 1.46294 1.46294 -0.375881 -0.375886 -0.149336 -0.149218 -0.403972 -0.403828 -0.314508 -0.314362 0.44147 0.441618 0.327864 0.32801 -0.153142 -0.152996 0.658692 0.658838 ";
13, "tlu 2 11 0.604143 0.604141 16 1 0.1 1 0.505591 0.0497296 0.0497323 0.17513 0.175132 0.652061 0.65206 0.167198 0.1672 0.062741 0.0627436 0.270828 0.270832 0.915118 0.91512 0.203492 0.20349 0.464462 0.46446 0.522813 0.522815 0.102263 0.102266 0.280565 0.280568 0.102283 0.102286 -0.0385761 -0.0385735 0.0497794 0.0497821 0.632246 0.632248 ";
14, "tlu 2 10 0.611173 0.611172 16 1 0.1 1 0.497942 0.972655 0.972655 0.908041 0.90804 0.95913 0.95913 0.372593 0.372593 0.270614 0.270614 0.498634 0.498635 0.788863 0.788862 0.57472 0.57472 0.00554108 0.00554107 0.223089 0.223089 1.09429 1.09429 0.416132 0.416132 0.826384 0.826385 0.109749 0.109748 0.672958 0.672957 1.09295 1.09295 ";
15, "tlu 2 9 0.501836 0.501828 16 1 0.1 1 0.49543 0.397382 0.39739 -0.0197139 -0.0197057 0.44684 0.44684 0.230943 0.230951 -0.00255801 -0.0025497 0.0152315 0.0152393 0.162754 0.162762 0.0502167 0.0502164 0.701859 0.701859 0.610479 0.610486 0.832843 0.832851 0.152173 0.152181 0.739206 0.739214 0.262476 0.262484 1.00672 1.00673 0.764486 0.764495 ";
16, "tlu 2 8 1.65171 1.6514 16 1 0.1 1 0.451683 -0.00559501 -0.00528347 -0.0622311 -0.0619273 0.596405 0.596399 -0.109237 -0.108926 -0.0212289 -0.0209198 2.16928 2.16959 -0.150467 -0.150156 0.403399 0.403392 -0.725719 -0.725728 -0.464161 -0.46391 0.0358644 0.0361701 -0.146028 -0.145718 0.148959 0.149266 0.329671 0.329983 -0.339138 -0.338826 0.112312 0.112623 ";
17, "tlu 2 7 1.49694 1.49694 16 1 0.1 1 0.388474 0.95074 0.950739 0.959516 0.959515 0.781158 0.781158 0.908055 0.908055 0.298973 0.298973 0.456517 0.456517 1.10534 1.10534 0.844293 0.844293 0.862795 0.862795 0.85406 0.854059 0.157143 0.157143 0.550478 0.550477 -0.381439 -0.381439 1.02047 1.02047 1.07713 1.07713 0.648094 0.648093 ";
18, "tlu 2 6 0.994433 0.994434 16 1 0.1 1 0.232995 0.248354 0.248353 0.39554 0.395539 1.00322 1.00322 0.0965663 0.0965656 0.290418 0.290418 -0.301541 -0.301542 0.556961 0.55696 0.251096 0.251096 0.971185 0.971185 0.0536094 0.0536088 1.05216 1.05216 0.656392 0.656391 -0.292787 -0.292788 0.783235 0.783234 0.978897 0.978896 0.784954 0.784953 ";
19, "tlu 2 5 1.06449 1.06489 16 1 0.1 1 0.363085 -0.12179 -0.122192 0.204049 0.203657 1.90686 1.90685 -0.464086 -0.464488 -0.3935 -0.393899 0.893839 0.893444 -0.459809 -0.460211 2.41117 2.41116 0.0517873 0.0517822 -0.307896 -0.308217 -0.00703265 -0.00742747 0.417458 0.417057 2.17842 2.17802 -0.272915 -0.273317 -0.510576 -0.510978 -0.261022 -0.261424 ";
20, "tlu 2 4 1.69666 1.69666 16 1 0.1 1 0.201267 0.88239 0.88239 0.603872 0.603872 0.44543 0.445431 0.319078 0.319078 0.106545 0.106545 -0.0495171 -0.0495173 0.940666 0.940667 0.171284 0.171284 0.280508 0.280508 0.457799 0.457799 0.948082 0.948082 0.00530667 0.00530692 0.41741 0.41741 1.00438 1.00438 0.277856 0.277856 0.384084 0.384085 ";
21, "tlu 2 3 1.27222 1.27215 16 1 0.1 1 0.140133 -0.0285521 -0.0284821 0.0245989 0.0246685 0.309296 0.309346 0.498359 0.498429 -0.411245 -0.411175 -0.0908911 -0.0908676 -0.212444 -0.212374 1.40874 1.40879 2.52355 2.52359 -0.603333 -0.603286 0.474639 0.474709 -0.362093 -0.362023 -0.372476 -0.372406 -0.354929 -0.354858 0.249212 0.249282 -0.382177 -0.382107 ";
22, "tlu 2 2 0.0214758 0.0214748 16 1 0.1 1 0.729148 0.772535 0.772534 0.651258 0.651258 0.100403 0.100403 0.468376 0.468376 0.978861 0.978861 1.0815 1.0815 0.301449 0.301448 1.03559 1.03559 0.911315 0.911315 0.105657 0.105657 0.485491 0.485491 0.391896 0.391896 1.11628 1.11628 0.539451 0.53945 1.00435 1.00435 0.059459 0.0594588 ";
23, "tlu 2 1 0.937448 0.937447 16 1 0.1 1 0.670752 0.537627 0.537628 0.889683 0.889684 0.703612 0.703612 0.415734 0.415735 1.07333 1.07333 0.983685 0.983686 0.308329 0.30833 0.904133 0.904133 1.07991 1.07991 1.05235 1.05235 -0.0139566 -0.0139558 0.0681513 0.0681521 0.641618 0.641618 0.491882 0.491882 0.383541 0.383542 0.472195 0.472196 ";
24, "tlu 2 0 0.947228 0.947225 16 1 0.1 1 0.294846 0.778891 0.778895 0.0317644 0.0317679 0.918818 0.918818 1.00602 1.00602 0.52824 0.528244 -0.673229 -0.673226 0.143645 0.143648 0.303704 0.303704 0.929762 0.929762 0.810768 0.810771 0.879902 0.879905 0.198623 0.198627 -0.608915 -0.608912 0.989957 0.98996 0.32849 0.328494 1.01538 1.01538 ";
25, "layer 2 16";
26, "tlu 1 15 0.430236 0.430236 3 1 0.1 1 0.000739486 0.175002 0.175002 0.995879 0.995879 0.676236 0.676236 ";
27, "tlu 1 14 1.06482 1.06482 3 1 0.1 1 1.64786e-05 0.522887 0.522887 1.02591 1.02591 0.33228 0.332281 ";
28, "tlu 1 13 0.475527 0.475527 3 1 0.1 1 5.97495e-06 1.09898 1.09898 0.884522 0.884522 0.516537 0.516537 ";
29, "tlu 1 12 0.615479 0.615479 3 1 0.1 1 1.20363e-08 3.24146 3.24146 0.153944 0.153941 0.611058 0.611057 ";
30, "tlu 1 11 0.993176 0.993177 3 1 0.1 1 0.00017444 0.175475 0.175474 0.946548 0.946544 0.235825 0.235817 ";
31, "tlu 1 10 0.323733 0.323733 3 1 0.1 1 0.00512434 0.126118 0.126118 0.602702 0.6027 0.154889 0.154885 ";
32, "tlu 1 9 1.09545 1.09546 3 1 0.1 1 0.76055 -0.499203 -0.499218 0.166998 0.166906 0.261343 0.261262 ";
33, "tlu 1 8 0.764962 0.764952 3 1 0.1 1 8.19256e-05 -0.241995 -0.241985 0.646907 0.647003 -1.73594 -1.73592 ";
34, "tlu 1 7 0.509179 0.509184 3 1 0.1 1 4.117e-14 2.51949 2.51948 1.48993 1.4899 -1.60838 -1.60843 ";
35, "tlu 1 6 0.637881 0.637881 3 1 0.1 1 3.11057e-06 1.05243 1.05243 0.909716 0.909716 0.322676 0.322677 ";
36, "tlu 1 5 -0.0133318 -0.0133304 3 1 0.1 1 0.834932 0.988237 0.988235 -0.56062 -0.560635 0.974673 0.974673 ";
37, "tlu 1 4 0.813758 0.813757 3 1 0.1 1 0.0228644 0.112667 0.112668 0.442391 0.442394 0.393101 0.39311 ";
38, "tlu 1 3 0.195512 0.195512 3 1 0.1 1 1.24823e-05 0.746144 0.746144 1.05045 1.05045 0.435327 0.435327 ";
39, "tlu 1 2 0.86355 0.863553 3 1 0.1 1 2.3062e-14 2.35027 2.35026 1.64926 1.64924 -1.58618 -1.58621 ";
40, "tlu 1 1 0.465478 0.465481 3 1 0.1 1 0.000198046 0.192425 0.192422 0.890524 0.890511 -0.0226219 -0.0226462 ";
41, "tlu 1 0 0.574072 0.574072 3 1 0.1 1 0.0041836 0.311666 0.311666 0.679673 0.679673 0.742625 0.742625 ";
42, "layer 1 16";
43, "tlu 0 2 0.492874 0 0 0 0.1 1 2.86674 ";
44, "tlu 0 1 0.511887 0 0 0 0.1 1 -7.7679 ";
45, "tlu 0 0 0.527848 0 0 0 0.1 1 -5.60728 ";
46, "layer 0 3";
47, "mlp 3 8 16 2";
