0, "tlu 3 7 0.410415 0.410625 16 1 0.1 0 0.00141222 -0.106013 -0.106227 -0.0551375 -0.0553583 -0.200507 -0.200723 -0.259549 -0.259771 -0.107924 -0.108138 0.649964 0.649751 0.259911 0.259697 -0.288318 -0.288536 0.609968 0.609747 0.0694195 0.0692049 0.0117943 0.0115798 0.381181 0.38096 -0.237683 -0.237906 -0.067895 -0.0681091 -0.368624 -0.368844 0.120806 0.120588 ";
1, "tlu 3 6 0.541432 0.541695 16 1 0.1 0 0.00172407 0.354463 0.354195 0.0886204 0.0883437 -0.334294 -0.334565 -0.0356438 -0.0359217 0.0417364 0.0414677 0.0229327 0.0226654 -0.339257 -0.339526 0.0828058 0.0825327 0.274163 0.273886 0.724951 0.724682 0.369497 0.369228 -0.045104 -0.0453805 -0.467714 -0.467994 -0.150114 -0.150382 0.176926 0.17665 -0.221503 -0.221776 ";
2, "tlu 3 5 0.458876 0.45862 16 1 0.1 0 -0.00173458 0.339631 0.339891 -0.223468 -0.223199 -0.364607 -0.364344 0.395809 0.396079 0.376699 0.37696 0.122669 0.122929 -0.54556 -0.545299 0.236996 0.237262 0.479158 0.479427 0.187878 0.188139 0.477576 0.477838 -0.389324 -0.389055 -0.0774593 -0.0771876 0.10248 0.102741 -0.407771 -0.407503 -0.253777 -0.253511 ";
3, "tlu 3 4 0.366757 0.367395 16 1 0.1 0 0.00422508 0.334846 0.334199 -0.487006 -0.487676 -0.258074 -0.258728 0.426864 0.426192 -0.0465653 -0.0472156 -0.000406465 -0.00105331 0.0116447 0.0109949 0.492881 0.49222 -0.485489 -0.486159 -0.245016 -0.245668 0.372751 0.3721 0.446659 0.445989 -0.324907 -0.325584 0.0861629 0.0855131 0.0776562 0.0769877 -0.0306017 -0.0312639 ";
4, "tlu 3 3 0.140245 0.140218 16 1 0.1 0 -0.000207926 0.662368 0.662395 0.463499 0.463528 0.118378 0.118406 0.352537 0.352566 0.0147099 0.014738 -0.239885 -0.239857 0.033764 0.033792 -0.27274 -0.272711 -0.508699 -0.50867 -0.222843 -0.222815 -0.346113 -0.346085 -0.116935 -0.116907 -0.109409 -0.109379 0.390277 0.390305 0.172008 0.172037 -0.250406 -0.250377 ";
5, "tlu 3 2 0.581843 0.582126 16 1 0.1 0 0.0019122 0.256218 0.255929 -0.157509 -0.157808 -0.349373 -0.349665 -0.224428 -0.224727 0.447373 0.447084 -0.537086 -0.537374 0.439002 0.438712 -0.110561 -0.110856 0.620792 0.620493 0.346483 0.346193 -0.119894 -0.120183 0.549423 0.549125 -0.464017 -0.464318 0.408174 0.407885 -0.282324 -0.282621 -0.238998 -0.239293 ";
6, "tlu 3 1 -0.0261809 -0.0256863 16 1 0.1 0 0.00337387 -0.15904 -0.159542 -0.573594 -0.574114 0.427246 0.426738 -0.335566 -0.336088 0.773186 0.772681 0.432261 0.431759 0.478672 0.478168 -0.18517 -0.185683 -0.476019 -0.476539 0.185753 0.185247 0.300694 0.300189 -0.729167 -0.729686 -0.477009 -0.477534 0.397512 0.397008 -0.449805 -0.450324 0.367148 0.366634 ";
7, "tlu 3 0 0.797775 0.798361 16 1 0.1 0 1.00388 -0.251973 -0.252568 0.282274 0.281658 0.18135 0.180749 0.358191 0.357573 0.420531 0.419934 -0.0794631 -0.0800578 -0.018122 -0.0187193 -0.0975404 -0.0981481 0.0177093 0.0170933 -0.436867 -0.437465 0.48601 0.485412 0.0834154 0.0828 0.194678 0.194056 -0.350402 -0.350999 0.328418 0.327803 0.685251 0.684643 ";
8, "layer 3 8";
9, "tlu 2 15 0.536403 0.536391 16 1 0.1 1 0.999841 0.20738 0.207392 0.67768 0.67768 0.858946 0.858945 0.170287 0.170287 0.0509594 0.0509593 0.93542 0.93542 0.901476 0.901476 1.1047 1.1047 0.201112 0.201112 0.984827 0.984827 0.0629973 0.0629972 1.04012 1.04012 0.954273 0.954282 0.618977 0.618977 0.852952 0.852952 0.671468 0.671468 ";
10, "tlu 2 14 1.11224 1.11224 16 1 0.1 1 0.999922 0.521151 0.521151 0.809419 0.809419 0.555769 0.555769 0.888226 0.888226 1.01963 1.01963 0.487416 0.487416 1.08704 1.08704 0.401354 0.401354 0.863031 0.863031 0.697926 0.697926 1.00949 1.00949 0.75372 0.75372 0.742546 0.742546 0.795518 0.795518 0.947127 0.947127 0.121499 0.121499 ";
11, "tlu 2 13 0.226106 0.226105 16 1 0.1 1 0.999802 0.889314 0.889315 0.448364 0.448364 1.03204 1.03204 0.843266 0.843266 1.06927 1.06927 0.0396801 0.0396801 1.07704 1.07704 0.659511 0.659511 0.319028 0.319028 0.537506 0.537506 0.703898 0.703898 0.833242 0.833242 0.97344 0.973441 0.292746 0.292746 0.216281 0.216281 0.49505 0.49505 ";
12, "tlu 2 12 1.15628 1.1563 16 1 0.1 1 0.998856 0.451954 0.451942 0.691733 0.691733 1.06859 1.06859 0.0414973 0.041498 0.0556036 0.0556044 0.262723 0.262723 0.750103 0.750104 0.946066 0.946067 0.986754 0.986755 0.504156 0.504156 0.124982 0.124983 0.468722 0.468722 0.0181791 0.0181701 0.597578 0.597579 0.939487 0.939488 0.498563 0.498564 ";
13, "tlu 2 11 1.1137 1.11369 16 1 0.1 1 0.999551 0.378548 0.378555 0.552247 0.552247 0.0786536 0.0786535 0.65954 0.659539 0.0753814 0.0753813 0.769508 0.769508 0.722069 0.722068 0.957299 0.957298 0.825322 0.825322 0.831969 0.831969 0.761743 0.761743 0.888351 0.888351 0.829662 0.829667 0.861063 0.861063 0.0813156 0.0813154 0.61383 0.613829 ";
14, "tlu 2 10 0.0928562 0.0928464 16 1 0.1 1 0.998812 0.709615 0.709626 0.282357 0.282356 0.536275 0.536274 0.187771 0.18777 0.713638 0.713638 0.201301 0.2013 0.577526 0.577525 0.714893 0.714892 0.375905 0.375904 0.116088 0.116088 0.67566 0.675659 0.140284 0.140283 0.773964 0.773971 0.676372 0.676371 0.893833 0.893833 0.570473 0.570472 ";
15, "tlu 2 9 -0.17522 -0.17522 16 1 0.1 1 0.999571 0.459044 0.459043 0.690718 0.690718 0.703837 0.703837 0.172506 0.172506 0.444358 0.444358 0.321707 0.321707 0.0970911 0.0970911 0.868328 0.868328 0.52537 0.52537 0.520249 0.520249 0.670195 0.670195 0.384702 0.384702 0.769053 0.769052 0.878568 0.878568 1.04276 1.04276 0.117572 0.117572 ";
16, "tlu 2 8 0.532024 0.53203 16 1 0.1 1 0.999921 0.278155 0.278149 0.956034 0.956034 0.964161 0.964161 0.82613 0.82613 1.0207 1.0207 1.11036 1.11036 0.444004 0.444004 0.433526 0.433526 1.09798 1.09798 0.614568 0.614568 0.0865649 0.0865649 0.505824 0.505824 0.122499 0.122495 0.174899 0.174899 1.01365 1.01365 0.7341 0.7341 ";
17, "tlu 2 7 0.800914 0.800913 16 1 0.1 1 0.999592 0.593066 0.593067 0.818059 0.818059 0.478932 0.478932 0.169031 0.169031 0.950034 0.950034 0.888624 0.888624 0.38873 0.38873 0.459398 0.459398 1.08971 1.08971 0.894592 0.894592 0.94705 0.94705 0.391144 0.391144 0.889659 0.88966 0.370182 0.370182 0.0752715 0.0752715 0.516976 0.516976 ";
18, "tlu 2 6 0.371608 0.371602 16 1 0.1 1 0.998404 1.07679 1.0768 0.497901 0.4979 0.329013 0.329012 0.444319 0.444318 0.508137 0.508136 0.825156 0.825155 0.357714 0.357713 0.393217 0.393217 0.245849 0.245848 0.456188 0.456188 1.0279 1.0279 0.294011 0.29401 0.774684 0.774689 0.197153 0.197152 0.396812 0.396811 0.658559 0.658558 ";
19, "tlu 2 5 0.0424223 0.0424207 16 1 0.1 1 0.999872 0.931972 0.931974 0.931907 0.931907 0.96119 0.96119 0.944889 0.944889 0.142659 0.142659 0.900467 0.900467 0.0682953 0.0682953 0.423599 0.423599 0.899926 0.899926 0.0435085 0.0435084 0.297727 0.297727 1.04986 1.04986 1.13289 1.13289 0.734447 0.734447 0.771272 0.771272 0.621189 0.621189 ";
20, "tlu 2 4 -0.190397 -0.190406 16 1 0.1 1 0.999812 0.924134 0.924144 0.445416 0.445416 0.734537 0.734537 0.999043 0.999043 0.529295 0.529295 0.365241 0.365241 0.159852 0.159852 0.786736 0.786736 0.119029 0.119029 0.85927 0.85927 0.29983 0.29983 0.598739 0.598739 0.274865 0.274872 0.974425 0.974425 0.786905 0.786905 0.66083 0.66083 ";
21, "tlu 2 3 0.488716 0.488714 16 1 0.1 1 0.998199 0.0563234 0.056325 0.0211843 0.0211841 0.347115 0.347115 0.177902 0.177901 0.66613 0.66613 0.374475 0.374475 0.496888 0.496888 0.199027 0.199027 0.226263 0.226263 0.829068 0.829067 1.04442 1.04442 0.429134 0.429134 -0.00713584 -0.00713469 0.863754 0.863754 0.936727 0.936727 0.209743 0.209742 ";
22, "tlu 2 2 0.283488 0.283487 16 1 0.1 1 0.998805 0.478144 0.478144 0.841758 0.841758 0.735144 0.735144 0.602187 0.602187 1.08282 1.08282 0.447492 0.447492 0.666717 0.666717 0.0925282 0.0925282 0.383641 0.383641 0.125794 0.125793 0.645218 0.645218 0.0722099 0.0722099 0.943026 0.943026 0.653391 0.653391 0.196359 0.196359 0.284795 0.284795 ";
23, "tlu 2 1 0.412796 0.412806 16 1 0.1 1 0.999123 0.0373346 0.037325 0.0193332 0.0193336 1.01848 1.01848 0.893932 0.893932 0.14633 0.146331 0.483356 0.483357 0.442835 0.442835 0.22595 0.22595 0.283391 0.283391 0.605362 0.605362 0.345718 0.345718 0.771786 0.771787 0.244839 0.244832 0.975043 0.975044 0.850935 0.850935 0.370438 0.370438 ";
24, "tlu 2 0 0.347896 0.347896 16 1 0.1 1 0.999925 1.16239 1.16239 0.702772 0.702772 0.537724 0.537724 0.78625 0.78625 0.862716 0.862716 0.698934 0.698934 0.619416 0.619416 0.914021 0.914021 0.942372 0.942372 0.991539 0.991539 0.162995 0.162995 0.526815 0.526815 1.11036 1.11036 0.365366 0.365366 0.481438 0.481438 1.01582 1.01582 ";
25, "layer 2 16";
26, "tlu 1 15 0.760047 0.760047 3 1 0.1 1 0.999871 0.967199 0.967199 0.425598 0.425598 0.0335025 0.0335025 ";
27, "tlu 1 14 0.424716 0.424716 3 1 0.1 1 0.999798 0.889035 0.889035 0.153372 0.153372 0.875033 0.875033 ";
28, "tlu 1 13 0.397826 0.397826 3 1 0.1 1 0.999958 1.04366 1.04366 0.43143 0.43143 0.938037 0.938037 ";
29, "tlu 1 12 0.659007 0.659001 3 1 0.1 1 0.18826 -0.07986 -0.0799992 0.801247 0.801247 0.632004 0.632004 ";
30, "tlu 1 11 0.437943 0.437943 3 1 0.1 1 0.978521 0.423704 0.423703 1.04004 1.04004 0.709284 0.709284 ";
31, "tlu 1 10 0.364154 0.364154 3 1 0.1 1 0.999805 0.886491 0.886491 0.840073 0.840073 0.31078 0.31078 ";
32, "tlu 1 9 0.603893 0.603893 3 1 0.1 1 0.997657 0.662664 0.662664 1.08734 1.08734 0.213528 0.213528 ";
33, "tlu 1 8 0.913424 0.913424 3 1 0.1 1 0.994641 0.610833 0.610833 0.454624 0.454624 0.134044 0.134044 ";
34, "tlu 1 7 0.438348 0.438348 3 1 0.1 1 0.999888 0.94926 0.94926 0.46951 0.46951 0.608675 0.608675 ";
35, "tlu 1 6 0.530174 0.530174 3 1 0.1 1 0.999938 1.01684 1.01684 0.549198 0.549198 0.526987 0.526987 ";
36, "tlu 1 5 0.150965 0.150965 3 1 0.1 1 0.999917 0.950752 0.950752 0.607454 0.607454 0.839564 0.839564 ";
37, "tlu 1 4 0.638752 0.638752 3 1 0.1 1 0.999964 1.08269 1.08269 0.503691 0.503691 1.07127 1.07127 ";
38, "tlu 1 3 0.491653 0.491653 3 1 0.1 1 0.999899 0.964384 0.964384 0.605487 0.605487 0.272835 0.272835 ";
39, "tlu 1 2 0.276311 0.276311 3 1 0.1 1 0.99009 0.48578 0.48578 0.512982 0.512982 0.153406 0.153406 ";
40, "tlu 1 1 0.541694 0.541694 3 1 0.1 1 0.993949 0.561685 0.561685 0.215901 0.215901 0.914708 0.914708 ";
41, "tlu 1 0 0.59141 0.591409 3 1 0.1 1 0.0446587 -0.246006 -0.246014 0.732037 0.732037 0.86347 0.86347 ";
42, "layer 1 16";
43, "tlu 0 2 0.0790124 0 0 0 0.1 1 0 ";
44, "tlu 0 1 0.290902 0 0 0 0.1 1 0 ";
45, "tlu 0 0 0.648 0 0 0 0.1 1 10.0469 ";
46, "layer 0 3";
47, "mlp 3 8 16 2";
