0, "tlu 3 7 0.379984 0.375282 16 1 0.1 0 -0.0128434 0.0503254 0.0527278 -0.353521 -0.352233 0.487144 0.489249 0.630022 0.632488 -0.174054 -0.17179 0.597589 0.59913 -0.239241 -0.237172 0.024845 0.0266181 0.115576 0.117092 -0.444258 -0.44245 -0.358663 -0.357688 0.0837701 0.0848315 -0.249671 -0.247586 0.645488 0.648076 -0.0638274 -0.0615937 -0.407581 -0.406323 ";
1, "tlu 3 6 0.335158 0.327401 16 1 0.1 0 -0.0207969 0.0958668 0.09983 0.304838 0.306963 -0.270749 -0.267275 0.395596 0.399665 0.463711 0.467445 0.127097 0.12964 0.384978 0.38839 -0.669614 -0.666689 0.18141 0.183911 0.000363997 0.00334628 -0.294895 -0.293288 -0.784387 -0.782636 0.0453825 0.0488229 -0.06008 -0.0558097 0.386354 0.390038 -0.0260722 -0.0239959 ";
2, "tlu 3 5 0.495765 0.485624 16 1 0.1 0 -0.0290332 0.454314 0.459495 0.240869 0.243647 -0.0375751 -0.0330338 0.276757 0.282077 0.399826 0.404708 -0.409649 -0.406325 -0.087478 -0.0830172 0.400245 0.40407 0.248937 0.252207 -0.373037 -0.369138 -0.481048 -0.478946 -0.592379 -0.590089 0.526439 0.530937 0.191567 0.197151 0.0531891 0.0580066 -0.390099 -0.387385 ";
3, "tlu 3 4 0.654837 0.645891 16 1 0.1 0 -0.0254033 -0.13538 -0.13081 -0.345442 -0.342991 0.594841 0.598847 0.561241 0.565933 -0.0794892 -0.0751826 -0.450852 -0.447919 0.42125 0.425185 0.518949 0.522322 -0.519492 -0.516608 0.354706 0.358145 -0.217986 -0.216132 -0.393065 -0.391046 0.174059 0.178027 0.676398 0.681323 -0.0614184 -0.0571688 -0.50597 -0.503575 ";
4, "tlu 3 3 0.48708 0.479648 16 1 0.1 0 -0.0216416 0.480702 0.484499 -0.382533 -0.380497 0.278722 0.282049 -0.0451786 -0.0412804 0.205722 0.2093 -0.588018 -0.585582 0.0529611 0.05623 0.196404 0.199206 0.222069 0.224465 0.230094 0.232951 -0.105505 -0.103965 -0.607327 -0.60565 0.00991841 0.0132146 0.409828 0.413919 0.181861 0.185392 -0.107167 -0.105178 ";
5, "tlu 3 2 0.118583 0.119533 16 1 0.1 0 0.00201694 0.482567 0.482082 0.0418221 0.0415618 0.14908 0.148654 -0.240595 -0.241094 -0.207893 -0.20835 0.33402 0.333709 -0.041834 -0.042252 0.349964 0.349606 0.130783 0.130476 -0.35727 -0.357635 -0.063441 -0.0636379 -0.490665 -0.490879 -0.148499 -0.14892 0.34175 0.341227 -0.342616 -0.343067 0.188891 0.188636 ";
6, "tlu 3 1 -0.844667 -0.840521 16 1 0.1 0 1.01124 0.00989745 0.00777941 -0.769473 -0.770609 -0.126611 -0.128467 0.434557 0.432382 0.359367 0.357371 0.0128423 0.0114835 0.2905 0.288676 0.233654 0.232091 0.182113 0.180776 -0.413721 -0.415315 -0.205386 -0.206245 -0.374521 -0.375456 -0.125948 -0.127787 0.463736 0.461454 0.0401304 0.0381612 -0.824618 -0.825728 ";
7, "tlu 3 0 0.388408 0.3757 16 1 0.1 0 -0.0357056 0.544749 0.551242 0.342671 0.346152 0.322797 0.328487 -0.289729 -0.283063 -0.254645 -0.248527 -0.0916605 -0.0874951 0.00757215 0.0131619 0.00292195 0.00771403 0.0178664 0.0219641 0.181511 0.186397 -0.574076 -0.571443 0.478163 0.481031 0.396176 0.401812 -0.144016 -0.13702 -0.0163987 -0.010362 0.372207 0.375608 ";
8, "layer 3 8";
9, "tlu 2 15 1.40144 1.40209 16 1 0.1 1 0.200757 0.674137 0.674076 0.135686 0.135676 1.01894 1.01889 0.357879 0.357853 0.844155 0.844147 0.943938 0.943905 0.83183 0.83179 1.08319 1.08319 0.853742 0.853704 0.664978 0.664928 0.0996347 0.099589 0.496324 0.496324 0.377538 0.377515 0.201731 0.201731 0.516933 0.51692 0.112662 0.112652 ";
10, "tlu 2 14 0.498984 0.49793 16 1 0.1 1 0.382988 0.778892 0.778991 0.793158 0.793174 0.893373 0.893447 0.257418 0.25746 0.0649294 0.0649424 0.0567741 0.0568276 0.780753 0.780819 0.313217 0.313217 0.231025 0.231087 1.08241 1.0825 1.03385 1.03392 0.295214 0.295214 0.44813 0.448166 0.878987 0.878987 0.000756272 0.000777794 0.0527449 0.052761 ";
11, "tlu 2 13 0.0902256 0.0877989 16 1 0.1 1 0.481126 0.0343056 0.0345345 0.282209 0.282247 0.755464 0.755632 0.444154 0.44425 0.933726 0.933756 0.359638 0.359761 0.0890706 0.0892226 1.01995 1.01995 0.496069 0.496211 1.01659 1.01678 0.335204 0.335376 0.648104 0.648104 0.344375 0.344459 0.529919 0.529919 0.926985 0.927035 0.932389 0.932426 ";
12, "tlu 2 12 0.704028 0.701049 16 1 0.1 1 0.335937 0.278706 0.278986 0.373486 0.373532 1.00534 1.00554 0.816811 0.816929 0.0661489 0.0661858 0.858385 0.858536 0.698763 0.698949 0.541117 0.541118 1.02981 1.02998 1.10211 1.10235 0.950623 0.950834 0.106097 0.106097 0.475918 0.476021 -0.100792 -0.100792 0.519587 0.519648 0.731672 0.731717 ";
13, "tlu 2 11 1.57204 1.57405 16 1 0.1 1 0.173917 0.584473 0.584284 0.0130143 0.0129832 0.6402 0.64006 0.607509 0.607429 1.03264 1.03262 0.546004 0.545902 0.410042 0.409916 0.562273 0.562272 1.02536 1.02524 0.194665 0.194508 0.497686 0.497543 0.564661 0.564661 0.882957 0.882887 0.604068 0.604068 0.36514 0.365099 0.190021 0.189991 ";
14, "tlu 2 10 1.58453 1.58746 16 1 0.1 1 0.171194 0.00098157 0.000704751 0.101425 0.10138 0.0149825 0.0147784 1.05316 1.05305 0.744555 0.744519 0.548929 0.54878 0.910567 0.910383 0.760886 0.760884 0.429148 0.428976 0.354116 0.353888 0.133966 0.133759 0.415268 0.415268 0.289987 0.289886 0.0825543 0.0825543 0.928085 0.928025 1.05164 1.05159 ";
15, "tlu 2 9 0.819648 0.818804 16 1 0.1 1 0.308844 0.754241 0.75432 1.06361 1.06362 0.406453 0.406512 0.885175 0.885208 0.927189 0.927199 0.289761 0.289804 0.260782 0.260835 0.548159 0.548159 0.98388 0.983929 0.487731 0.487797 0.424564 0.424623 -0.0331369 -0.0331369 0.0905897 0.0906189 0.660477 0.660477 0.829526 0.829543 0.590469 0.590482 ";
16, "tlu 2 8 1.05951 1.0593 16 1 0.1 1 0.25998 0.713671 0.713692 0.906237 0.90624 0.203986 0.204001 0.61788 0.617888 0.0344479 0.0344505 0.167983 0.167994 0.696551 0.696565 0.965199 0.965199 0.164996 0.165009 0.593576 0.593593 0.524125 0.524141 0.82543 0.82543 1.0687 1.0687 0.212679 0.212679 0.0185538 0.0185582 0.891622 0.891625 ";
17, "tlu 2 7 0.736006 0.735064 16 1 0.1 1 0.325879 0.224516 0.224605 0.149925 0.149939 0.104296 0.104361 0.509836 0.509873 0.604084 0.604095 0.480201 0.480249 0.816563 0.816622 0.348031 0.348032 0.539635 0.53969 0.490388 0.490462 0.0691278 0.0691943 0.751917 0.751917 0.0719072 0.0719397 0.320222 0.320222 0.506952 0.506972 0.760905 0.76092 ";
18, "tlu 2 6 0.469348 0.468291 16 1 0.1 1 0.387522 0.685779 0.685878 0.132867 0.132883 0.00685079 0.00692425 0.0162377 0.0162794 0.990014 0.990027 0.275247 0.2753 0.664066 0.664132 0.808172 0.808172 0.0169489 0.0170107 0.882897 0.88298 -0.00141128 -0.00133658 -0.0136074 -0.0136074 0.155818 0.155855 -0.094078 -0.094078 0.574328 0.57435 0.243479 0.243495 ";
19, "tlu 2 5 0.992603 0.994836 16 1 0.1 1 0.272761 0.437987 0.437776 0.16973 0.169696 0.500254 0.500098 0.223351 0.223263 0.43077 0.430742 0.918188 0.918075 0.0232671 0.0231273 1.05604 1.05603 0.0227231 0.0225926 0.420882 0.420708 0.734914 0.734756 0.202787 0.202787 0.993786 0.993709 0.43113 0.43113 0.193275 0.193229 0.708992 0.708958 ";
20, "tlu 2 4 0.428447 0.427608 16 1 0.1 1 0.397535 0.360295 0.360374 0.944692 0.944705 0.283525 0.283583 0.82396 0.823993 0.756465 0.756475 0.626997 0.627039 0.630844 0.630896 1.00127 1.00127 0.545776 0.545825 0.435228 0.435293 0.941995 0.942054 0.16803 0.16803 0.364084 0.364113 0.468899 0.468899 1.02665 1.02666 0.344292 0.344305 ";
21, "tlu 2 3 0.321847 0.31972 16 1 0.1 1 0.425262 0.606582 0.606782 0.274408 0.274441 0.9718 0.971948 1.08601 1.0861 0.691663 0.691689 0.537739 0.537847 1.08656 1.0867 0.492905 0.492906 0.221312 0.221437 0.853879 0.854045 0.180355 0.180505 0.577223 0.577223 0.778019 0.778092 0.738428 0.738428 0.672834 0.672877 0.592683 0.592715 ";
22, "tlu 2 2 0.581359 0.578413 16 1 0.1 1 0.362177 0.0795531 0.0798309 0.925397 0.925442 0.658699 0.658904 1.08448 1.0846 1.00311 1.00315 0.0991878 0.0993374 0.540101 0.540286 0.490372 0.490374 0.705125 0.705298 0.755275 0.755504 0.840555 0.840763 0.325078 0.325078 0.696356 0.696457 0.0687666 0.0687666 0.949051 0.949111 0.253956 0.254001 ";
23, "tlu 2 1 1.3429 1.34194 16 1 0.1 1 0.209965 0.875706 0.875797 0.161865 0.16188 0.290731 0.290798 0.625493 0.625531 0.581669 0.581681 0.0319207 0.0319697 0.9639 0.963961 0.34434 0.344341 0.637399 0.637455 1.04606 1.04614 0.0652297 0.065298 0.647847 0.647847 0.483996 0.484029 -0.0554934 -0.0554934 0.686371 0.686391 0.905567 0.905582 ";
24, "tlu 2 0 0.316289 0.312633 16 1 0.1 1 0.425096 1.00871 1.00905 0.0284118 0.0284683 0.504887 0.505141 0.392644 0.392788 1.05371 1.05375 0.139706 0.139892 0.701838 0.702067 0.909189 0.909191 0.25897 0.259184 0.0775138 0.0777985 0.880584 0.880843 0.197627 0.197627 1.04826 1.04839 -0.160025 -0.160025 0.705972 0.706047 0.74597 0.746026 ";
25, "layer 2 16";
26, "tlu 1 15 0.494742 0.494637 3 1 0.1 1 7.28016e-05 1.05715 1.05679 1.02149 1.02149 0.228855 0.228855 ";
27, "tlu 1 14 0.129457 0.129263 3 1 0.1 1 8.8105e-05 1.07757 1.0769 0.210781 0.210781 0.0485583 0.0485583 ";
28, "tlu 1 13 0.96243 0.96243 3 1 0.1 1 1.55255e-37 9.80658 9.80658 1.09867 1.09867 0.185451 0.185451 ";
29, "tlu 1 12 0.565447 0.565231 3 1 0.1 1 0.000630011 0.796257 0.795504 0.214715 0.214715 0.318749 0.318749 ";
30, "tlu 1 11 1.411 1.411 3 1 0.1 1 1.14831e-41 10.8673 10.8673 0.169852 0.169852 0.851026 0.851026 ";
31, "tlu 1 10 0.127128 0.12653 3 1 0.1 1 0.00208977 0.707052 0.704974 0.0710742 0.0710742 0.968963 0.968963 ";
32, "tlu 1 9 0.739535 0.738692 3 1 0.1 1 0.00652048 0.501689 0.498763 0.348216 0.348216 0.135434 0.135434 ";
33, "tlu 1 8 0.237961 0.2376 3 1 0.1 1 0.00150261 0.732754 0.731501 0.708063 0.708063 0.199659 0.199659 ";
34, "tlu 1 7 0.384558 0.384555 3 1 0.1 1 9.36923e-09 2.11845 2.11844 0.486228 0.486228 0.313561 0.313561 ";
35, "tlu 1 6 0.448332 0.447815 3 1 0.1 1 0.00243086 0.651727 0.649931 0.112376 0.112376 0.730444 0.730444 ";
36, "tlu 1 5 0.287444 0.287364 3 1 0.1 1 0.00113013 0.760345 0.760069 0.737565 0.737565 1.00684 1.00684 ";
37, "tlu 1 4 0.866837 0.866732 3 1 0.1 1 7.43367e-05 1.01116 1.0108 0.738209 0.738209 0.9064 0.9064 ";
38, "tlu 1 3 0.430511 0.430194 3 1 0.1 1 0.000721613 0.796151 0.795051 0.59094 0.59094 0.637226 0.637226 ";
39, "tlu 1 2 0.956706 0.956089 3 1 0.1 1 0.00667426 0.473526 0.471384 0.388026 0.388026 0.944073 0.944073 ";
40, "tlu 1 1 0.306114 0.305999 3 1 0.1 1 5.67776e-05 1.10833 1.10792 0.37609 0.37609 0.797991 0.797991 ";
41, "tlu 1 0 0.231921 0.231304 3 1 0.1 1 0.00524656 0.586686 0.58454 1.01064 1.01064 0.982493 0.982493 ";
42, "layer 1 16";
43, "tlu 0 2 0.116794 0 0 0 0.1 1 0 ";
44, "tlu 0 1 0.186834 0 0 0 0.1 1 0 ";
45, "tlu 0 0 0.617878 0 0 0 0.1 1 -8.5446 ";
46, "layer 0 3";
47, "mlp 3 8 16 2";
